470
117 77
131 85
109 61
119 154
117 145
90 122
116 75
52 141
98 41
105 89
91 110
123 90
80 97
152 120
97 125
114 197
94 114
107 102
82 66
107 68
125 109
105 108
113 50
122 131
130 46
111 151
118 70
69 88
101 126
104 112
90 98
86 142
124 117
107 155
94 126
102 98
131 66
88 80
65 64
101 111
103 133
112 95
164 123
85 114
105 77
41 91
125 110
132 94
133 77
120 161
134 68
117 98
101 100
126 120
89 118
92 89
135 52
111 51
77 95
67 74
89 104
68 59
78 90
69 121
85 91
107 57
70 77
134 65
135 93
84 17
64 56
115 108
104 114
120 97
76 90
117 73
97 75
99 94
100 78
135 120
63 31
115 69
100 106
91 140
157 93
77 66
68 90
31 68
126 124
78 112
97 90
109 116
85 96
135 118
72 109
89 131
64 48
98 105
61 69
130 93
127 94
119 102
116 164
129 112
83 82
65 105
76 82
91 85
57 116
41 71
157 77
117 76
128 152
78 24
64 77
80 109
97 93
129 127
50 60
129 140
150 62
61 41
110 49
100 74
129 114
55 77
132 135
141 95
111 100
104 38
113 114
98 75
148 19
111 71
76 64
71 32
116 114
108 116
109 68
55 104
101 102
101 88
81 54
92 124
90 48
132 183
80 76
6 102
44 84
106 86
138 78
93 59
117 15
144 75
103 116
109 96
80 108
127 46
134 89
98 67
79 130
76 36
124 166
89 158
91 118
66 169
111 128
82 41
96 140
108 91
118 111
95 84
110 83
58 66
121 146
88 111
120 136
153 61
91 109
138 113
104 122
113 102
89 114
129 88
92 84
67 166
136 107
96 94
160 110
85 132
135 128
82 76
91 46
78 147
89 117
126 149
116 102
90 121
83 120
70 55
132 91
85 135
85 134
89 163
95 95
115 51
64 93
80 105
100 140
126 123
39 106
149 53
100 108
98 104
95 80
82 57
68 85
67 80
80 88
103 39
110 88
115 75
80 172
79 135
111 59
49 94
117 148
113 87
158 100
73 92
94 76
120 92
154 127
98 76
71 67
123 94
142 38
126 67
92 49
110 51
52 102
71 152
106 82
99 75
84 31
124 63
30 48
146 108
94 61
128 57
105 48
57 114
102 108
60 136
136 84
97 72
138 94
92 81
37 57
138 109
118 103
79 111
83 55
55 96
124 33
79 107
107 101
98 121
125 23
42 110
73 106
94 87
63 111
133 60
118 147
113 72
110 125
78 148
129 139
99 63
109 91
149 99
103 108
120 113
113 68
96 96
113 132
124 99
57 70
75 86
82 71
145 68
122 96
118 58
146 78
95 104
101 157
99 179
120 104
44 153
141 93
90 107
73 52
112 102
52 90
142 68
147 131
71 121
114 151
154 91
111 92
95 61
27 117
27 109
102 79
66 100
93 68
104 127
55 48
143 143
95 69
99 77
133 101
140 111
74 94
134 66
30 150
68 98
77 80
122 149
72 62
59 66
62 103
123 106
75 154
106 71
78 144
116 100
128 95
131 114
132 124
86 72
87 81
73 76
139 119
137 103
101 99
117 101
51 98
105 128
77 82
101 58
144 73
100 51
101 91
134 129
111 129
121 103
48 154
52 121
111 80
128 62
144 84
35 94
79 109
55 115
129 109
143 87
114 131
126 99
114 136
126 83
48 65
113 111
63 115
126 93
119 100
132 123
91 48
101 59
123 75
91 104
93 70
85 69
71 108
72 81
105 118
124 89
108 94
119 83
79 96
90 102
102 57
124 169
138 93
93 150
112 116
62 152
115 99
132 112
89 102
79 68
85 130
30 86
116 117
148 66
105 76
33 117
50 101
110 82
53 68
157 79
67 125
104 59
100 109
113 109
96 112
132 100
138 81
143 91
91 74
82 134
114 128
122 70
128 84
108 90
104 87
79 105
131 149
54 125
34 150
65 56
62 80
81 124
79 102
91 61
131 167
87 105
128 158
124 151
103 78
126 56
112 112
92 154
82 110
130 92
110 117
100 115
97 85
94 127
94 105
88 108
111 87
75 121
94 67
97 126
92 132
86 116
78 97
88 95
101 73
96 107
45 88
81 98
98 63
111 116
139 122
63 125
60 95
60 103
