470
117 56
108 108
124 87
91 67
125 87
84 132
102 86
109 87
101 92
48 70
95 152
54 77
72 88
63 47
141 92
168 138
98 63
65 80
106 150
124 64
70 146
114 77
72 109
118 108
94 102
57 100
92 48
59 119
127 80
134 57
38 150
135 103
101 106
142 45
80 71
53 80
69 63
92 131
123 114
94 84
124 111
118 124
133 65
98 57
16 81
105 188
117 79
126 106
72 126
113 129
49 99
78 114
86 133
153 101
97 102
104 79
97 107
121 97
103 97
110 111
66 65
58 109
94 52
136 67
70 74
123 113
116 78
96 40
133 68
121 45
148 103
65 81
65 114
109 80
47 65
95 131
139 97
122 100
80 46
133 113
104 89
94 83
57 108
104 103
134 64
81 92
162 115
78 113
108 59
109 98
108 115
72 50
31 49
90 132
95 94
37 108
115 101
71 83
95 82
68 120
86 139
139 95
110 115
100 134
135 142
152 50
132 55
100 90
89 67
81 131
85 104
149 78
81 71
77 47
134 95
114 120
158 114
106 135
121 118
126 94
81 109
45 59
64 112
101 77
148 134
137 62
111 107
109 110
59 104
122 155
74 101
55 179
91 84
108 135
85 188
63 96
84 120
120 49
122 70
177 70
110 146
143 98
107 72
126 103
50 118
139 51
50 103
80 152
80 93
71 23
136 124
99 80
145 122
84 71
130 151
131 72
170 82
118 134
117 93
139 62
91 98
92 57
95 102
112 81
114 78
87 126
150 103
134 127
31 80
116 0
124 95
79 155
105 131
101 135
149 70
93 89
151 113
124 74
66 97
113 110
149 90
129 100
115 79
135 125
106 93
131 118
54 101
105 67
109 146
96 96
103 113
28 88
70 132
102 142
136 123
86 96
58 91
83 95
75 147
45 80
109 105
137 129
75 36
144 104
33 79
74 130
54 135
88 110
147 133
101 88
16 108
109 96
76 92
106 118
133 64
152 90
121 25
123 97
113 49
100 69
82 116
106 98
158 84
125 147
105 115
94 110
119 124
133 58
160 101
77 77
58 118
37 106
51 83
83 111
138 120
116 107
111 60
113 83
164 115
103 117
85 88
91 48
99 63
83 127
97 119
111 65
115 98
101 36
127 88
72 70
98 126
131 121
118 85
151 125
46 59
84 142
92 100
66 125
96 130
94 101
127 117
150 125
58 125
100 52
102 81
75 83
117 137
101 117
87 52
140 70
97 93
126 133
96 85
173 59
175 130
78 91
129 86
99 130
76 138
66 121
40 88
97 84
109 70
89 136
58 98
73 105
54 85
94 121
131 73
96 142
77 59
88 79
154 35
132 141
177 122
124 147
65 118
80 105
45 93
117 108
60 158
156 107
127 144
88 148
111 127
74 111
78 139
68 122
100 123
88 154
68 97
85 124
100 127
108 65
97 113
74 186
99 103
68 133
125 52
77 62
99 74
116 122
155 107
76 95
91 31
138 107
91 128
137 49
134 38
81 98
90 95
73 86
78 104
111 131
111 94
77 64
100 67
72 113
123 101
121 69
97 27
131 109
53 66
99 96
174 74
94 147
63 137
144 131
165 69
106 109
46 134
51 82
82 77
68 81
93 94
85 96
95 80
118 120
143 88
101 97
136 91
122 76
114 74
29 85
67 179
84 110
92 134
104 53
96 141
69 115
89 90
79 122
126 85
44 111
70 85
62 80
116 68
132 70
125 156
77 95
108 126
106 92
97 96
81 119
107 74
79 148
97 95
119 71
131 65
114 53
63 82
66 107
73 102
151 117
126 143
117 101
91 130
102 104
46 121
129 70
133 80
62 58
99 93
99 158
109 71
60 46
109 113
120 136
52 118
42 73
62 76
125 168
114 67
88 100
66 99
75 141
148 156
103 105
106 138
110 69
82 101
44 98
125 104
109 85
76 129
84 117
101 64
104 77
73 81
122 54
75 93
87 114
106 75
71 117
103 70
55 115
122 131
127 126
56 86
134 97
102 78
135 122
145 40
117 123
132 124
68 98
72 85
52 92
81 126
95 103
110 89
132 79
121 85
117 115
41 47
70 114
158 117
79 40
76 118
108 112
75 61
48 86
106 95
83 54
90 169
123 107
105 80
52 125
87 164
134 126
