470
88 124
126 97
79 158
60 153
93 44
85 151
53 169
60 111
123 154
119 67
91 119
81 62
127 109
83 107
80 96
124 119
107 188
121 85
119 113
79 109
122 131
92 96
95 109
86 59
119 147
107 68
85 137
123 165
88 133
95 113
42 96
142 88
86 114
47 95
137 106
65 125
45 64
89 88
83 101
62 102
114 89
99 96
126 83
123 74
178 69
101 123
103 63
116 116
123 68
84 73
136 121
137 88
72 49
131 127
119 170
61 124
49 92
136 117
106 66
92 126
116 121
78 114
78 109
82 87
65 108
84 108
92 81
107 89
47 74
102 155
100 117
124 75
44 101
92 103
107 77
94 62
58 75
63 78
94 98
133 117
112 70
131 69
115 109
58 55
146 95
156 62
97 142
109 115
99 72
89 79
134 101
106 147
47 91
116 114
75 75
110 114
132 104
115 127
74 72
98 156
130 94
109 112
150 146
133 114
50 81
80 97
73 136
118 92
93 103
55 69
86 119
63 116
119 139
60 129
138 96
117 87
143 131
112 56
86 82
59 69
87 86
65 88
75 114
100 170
45 77
101 121
89 77
122 95
116 91
91 96
93 109
96 110
100 81
120 128
112 55
60 184
115 107
115 106
96 99
54 114
125 106
95 96
152 81
104 143
86 36
157 75
123 59
126 38
60 83
152 84
125 64
71 70
81 102
81 120
155 78
70 93
69 136
41 100
75 71
82 66
103 132
61 97
144 107
150 33
126 94
77 112
86 63
110 39
94 84
77 82
82 107
50 98
97 151
108 62
90 135
84 118
102 106
96 94
122 132
70 108
121 87
141 156
67 110
94 148
110 87
83 84
112 166
91 136
69 44
73 84
125 121
104 104
106 133
75 99
96 91
54 121
51 100
65 98
78 103
91 108
65 87
84 62
111 196
110 105
55 116
109 109
65 153
91 38
127 108
110 86
89 61
70 28
111 108
87 84
131 128
80 84
67 106
122 111
61 105
78 132
59 71
97 68
47 58
82 58
84 74
100 62
72 74
130 101
67 86
87 83
112 90
125 89
64 122
154 109
84 106
79 114
56 57
81 129
72 92
93 67
102 57
135 72
103 64
52 99
100 77
99 94
92 113
102 90
66 136
135 144
55 88
76 84
51 112
134 130
70 69
103 73
77 133
38 81
92 45
114 52
135 113
166 120
98 95
80 59
137 83
26 69
68 82
134 104
73 99
83 129
125 136
135 81
74 87
120 98
118 74
92 86
160 139
93 96
167 100
106 103
117 161
121 54
92 72
83 75
85 115
102 52
53 150
107 78
99 131
88 103
156 104
96 40
79 79
90 123
138 68
84 100
140 72
77 87
110 56
96 103
74 59
65 62
80 106
122 85
72 61
172 117
70 107
120 156
95 92
118 87
101 44
81 165
109 114
114 48
119 76
124 45
134 71
96 68
137 68
77 97
102 104
108 70
95 121
133 64
103 71
155 65
131 160
87 100
82 116
78 39
143 95
108 30
83 79
140 81
98 107
99 122
102 68
93 161
57 108
74 95
142 53
127 102
113 131
85 120
96 95
153 130
94 116
99 115
150 70
78 54
118 60
140 86
60 106
6 79
108 99
163 76
31 85
111 140
64 114
103 70
93 119
88 79
51 129
46 138
54 93
101 46
105 113
58 68
107 177
77 60
51 75
49 97
119 95
112 121
180 114
135 135
38 113
97 57
87 130
117 79
83 76
102 89
87 132
125 113
60 113
115 122
84 124
113 50
135 26
135 109
14 98
106 67
99 98
52 131
103 115
106 107
59 104
129 109
107 102
155 83
100 73
140 79
74 92
117 144
89 157
129 131
84 117
94 120
155 51
86 126
115 139
34 107
124 157
98 58
170 152
71 84
104 112
119 99
124 80
50 143
120 104
114 93
90 63
48 171
150 97
122 136
140 140
128 87
146 130
78 96
97 120
55 139
148 90
114 119
85 70
108 133
102 84
114 104
51 107
93 107
120 135
137 105
116 115
64 125
116 130
77 124
127 52
62 45
68 167
59 121
93 76
147 125
57 131
102 113
71 58
88 89
85 67
108 164
85 106
96 124
104 106
102 127
84 70
143 81
94 78
128 127
124 102
86 95
125 129
90 126
