470
154 95
117 108
34 39
127 121
121 62
134 147
73 49
130 77
98 89
153 137
74 133
121 103
59 106
103 127
105 141
89 93
100 72
67 131
82 112
139 133
90 65
101 102
108 84
112 69
71 111
118 81
97 87
95 62
113 73
94 110
105 92
118 102
32 108
100 98
118 75
97 131
139 130
75 93
120 86
90 52
152 108
126 82
100 129
122 120
93 155
104 69
89 86
88 101
65 53
28 70
126 98
57 78
86 127
66 111
126 40
90 91
108 72
105 40
143 58
109 125
35 71
76 110
71 119
80 131
134 127
73 63
94 60
158 78
59 61
54 56
73 101
96 124
76 148
77 74
76 128
78 68
94 71
182 151
94 98
109 105
61 131
104 142
110 127
72 162
84 116
138 77
144 128
85 78
123 118
92 94
132 77
124 104
104 112
35 66
108 98
87 97
126 64
166 88
107 126
43 133
83 113
103 122
112 165
24 100
111 140
55 117
100 161
98 124
122 88
113 145
77 100
131 143
142 78
53 124
91 127
49 114
133 128
63 131
157 104
108 97
76 173
107 38
114 60
99 34
40 121
95 85
98 102
106 94
104 43
109 68
67 115
102 118
46 103
115 129
69 54
102 109
86 99
71 97
109 106
92 103
118 73
82 150
92 152
115 85
95 55
69 158
68 122
111 115
109 159
66 59
111 31
94 93
75 56
84 77
104 110
99 99
24 86
101 179
96 106
80 88
97 104
47 80
116 129
155 132
89 107
142 70
127 104
106 104
98 117
77 105
78 129
95 157
46 106
95 94
140 78
89 143
154 123
124 91
115 101
70 82
135 122
126 144
107 51
136 126
79 74
73 110
78 85
127 36
73 90
102 113
114 98
151 115
78 52
113 114
55 91
99 71
117 75
102 38
88 112
54 40
87 102
142 93
95 88
106 87
132 132
133 42
133 83
124 82
87 26
95 50
86 112
68 76
137 76
57 141
146 107
82 96
88 85
57 22
108 89
123 59
86 67
76 35
121 78
89 101
121 102
121 114
134 85
84 100
129 67
144 97
76 80
84 98
101 96
145 13
107 43
0 98
91 34
74 61
36 127
88 84
93 80
100 105
66 118
116 66
118 93
97 70
69 16
109 124
122 132
133 136
100 67
112 132
56 84
52 111
99 90
57 117
71 91
126 93
75 109
74 158
97 106
63 107
96 92
102 143
117 89
117 84
133 84
87 119
63 128
64 59
124 132
99 78
95 95
131 112
116 87
106 118
67 87
138 98
48 99
159 54
93 128
63 105
95 121
35 92
79 67
116 39
86 161
50 68
139 171
73 37
149 132
71 88
47 146
125 85
57 112
81 98
120 106
120 103
115 81
119 121
101 103
73 60
86 87
109 138
100 97
121 89
76 57
98 108
80 100
82 43
102 127
104 101
129 151
109 56
134 92
91 110
77 160
138 53
103 123
70 64
142 128
102 93
82 81
109 93
40 122
67 73
137 169
106 96
79 123
88 134
96 107
113 110
137 94
54 63
135 107
88 73
43 95
186 124
145 82
59 79
83 124
110 120
90 130
79 167
147 112
114 82
89 75
62 135
90 76
117 145
116 100
137 93
125 139
96 113
105 71
37 122
142 132
104 76
84 53
68 115
127 139
55 64
82 98
76 143
73 121
112 134
145 116
75 133
100 104
36 82
74 115
98 57
98 128
123 136
118 125
70 121
121 45
96 67
103 104
68 140
110 103
131 87
99 139
67 127
108 80
97 56
132 73
58 91
59 137
113 104
139 97
91 50
128 109
67 101
62 142
78 120
99 63
145 86
133 109
131 102
87 94
84 171
97 127
79 50
110 117
84 67
76 75
49 105
75 157
107 56
84 75
120 117
148 126
106 20
112 94
110 53
101 122
57 129
114 124
83 125
87 134
100 136
82 118
120 80
99 37
91 83
98 85
172 56
103 112
50 70
112 78
51 126
82 129
71 154
118 82
108 83
146 90
96 118
131 158
119 110
114 64
94 57
101 142
119 101
147 33
99 85
97 102
146 109
94 158
74 123
92 122
100 124
131 66
18 81
69 79
101 97
200 46
69 122
115 103
178 145
176 72
66 144
76 71
182 59
102 78
103 120
62 98
58 70
52 145
112 113
