470
123 83
116 137
82 126
107 135
95 91
73 90
112 122
14 102
48 124
102 83
112 55
89 42
107 73
95 70
124 121
129 74
93 51
98 135
48 98
114 98
103 118
126 92
134 116
83 95
120 49
49 107
94 93
56 96
91 104
71 77
83 99
133 85
30 95
97 131
96 111
109 49
78 120
77 110
104 99
64 80
135 142
143 142
109 36
51 106
96 99
182 87
66 125
116 50
61 124
132 79
98 42
109 125
113 160
38 82
144 181
118 37
93 88
99 112
91 166
117 121
114 42
125 99
112 86
125 112
94 49
140 94
118 125
69 87
81 104
65 52
80 111
40 94
102 91
105 145
121 131
102 78
79 69
80 112
99 104
107 82
75 110
125 66
124 49
133 74
89 87
70 132
132 98
152 95
125 150
127 109
99 64
90 98
133 99
133 91
143 84
106 79
107 132
113 63
138 98
79 127
96 142
146 76
119 108
97 106
138 50
128 136
140 129
116 113
82 40
88 111
85 148
145 58
89 105
85 44
87 120
89 72
114 93
161 142
90 131
68 133
86 108
96 56
115 108
35 122
131 135
102 135
58 105
75 113
91 86
139 74
96 89
167 110
96 69
42 43
153 134
131 128
85 83
151 116
79 103
68 139
99 89
81 95
89 93
101 112
44 69
125 127
143 77
39 58
104 105
112 123
103 111
135 121
180 97
116 63
91 109
88 2
82 41
68 92
96 144
87 97
100 126
142 137
88 97
110 75
87 116
112 104
99 57
109 112
105 71
142 99
63 119
117 106
124 89
136 82
100 148
149 103
101 119
99 92
116 66
122 99
82 132
124 102
122 163
165 108
56 172
118 98
72 115
62 67
173 162
55 105
86 126
105 129
78 100
115 52
91 102
102 87
94 117
63 167
76 96
145 141
76 124
178 94
80 72
59 105
114 81
94 83
107 141
97 150
70 98
159 99
132 110
89 59
101 60
155 163
69 120
104 34
108 129
97 64
53 103
61 50
91 141
112 39
90 79
122 97
117 95
70 92
95 83
146 118
97 123
73 116
85 88
68 94
102 112
71 91
115 138
103 80
140 80
101 65
106 105
111 110
89 107
148 58
81 74
108 101
101 88
101 160
76 109
123 138
91 89
107 119
125 91
77 155
82 150
85 87
148 132
115 121
58 95
91 137
95 55
114 136
171 94
76 83
115 99
83 112
3 137
75 90
99 42
61 46
93 120
67 114
119 103
104 139
134 47
136 145
114 105
168 105
67 79
60 97
135 137
82 102
143 87
103 88
73 72
138 37
143 92
122 125
101 121
60 106
101 102
101 127
139 97
100 93
159 159
107 85
72 67
104 13
75 114
93 100
117 96
94 65
128 82
110 107
121 140
80 70
122 132
105 124
58 88
107 54
110 81
87 96
79 104
118 86
72 94
74 125
85 122
98 78
79 117
79 26
156 102
145 87
135 95
84 106
67 87
42 150
63 200
131 96
96 106
85 125
115 115
64 117
93 138
194 86
123 68
117 76
73 113
78 129
101 128
70 49
148 89
133 132
95 76
114 118
119 118
125 64
147 124
84 104
117 146
74 68
103 46
116 82
75 92
57 85
53 85
108 125
93 137
96 134
112 98
43 73
109 121
137 121
82 116
118 152
80 139
73 86
83 107
61 108
118 127
97 191
116 65
70 82
57 111
111 130
120 119
64 87
141 132
102 154
181 126
87 92
114 83
106 103
118 65
104 118
51 88
112 124
118 117
98 59
120 132
113 114
20 100
130 110
128 100
20 111
78 93
96 109
66 92
111 81
66 144
124 110
89 125
112 138
91 106
78 150
114 139
23 105
90 60
84 103
102 94
95 112
98 119
89 55
131 123
149 145
55 167
111 108
132 130
130 84
86 88
119 115
105 107
54 128
136 90
81 98
86 82
109 51
103 136
113 86
86 103
123 100
59 100
46 132
59 131
123 93
26 78
110 110
104 85
120 90
120 117
120 82
92 80
40 108
103 113
76 105
120 137
59 87
78 102
104 84
155 105
175 109
59 116
100 77
115 80
89 76
176 144
116 148
67 99
126 134
111 82
85 112
138 122
106 92
109 133
107 134
71 113
87 80
83 57
127 95
97 107
88 52
83 97
80 74
