470
133 107
166 97
50 135
86 63
73 74
145 112
75 138
61 77
37 142
100 87
75 137
120 68
89 95
139 113
89 74
125 77
77 102
76 118
195 162
39 106
79 105
145 98
83 102
103 99
118 111
110 89
80 154
94 58
85 72
47 36
117 69
120 98
95 121
45 109
67 109
93 102
36 95
78 87
137 63
110 70
103 144
97 84
67 91
10 68
106 126
139 127
181 85
74 134
152 97
105 57
119 44
55 125
124 163
81 106
62 123
48 57
93 133
119 103
137 89
68 101
50 69
123 45
115 101
120 82
128 106
119 85
150 105
105 80
113 81
82 52
68 111
111 97
123 143
100 88
111 93
28 139
64 118
103 96
75 122
110 124
119 130
122 169
152 136
98 82
83 80
117 68
141 123
88 154
78 108
117 42
40 95
82 137
90 139
33 70
66 93
85 73
102 141
97 95
93 86
57 124
39 113
100 114
137 124
112 64
67 96
58 60
130 89
87 91
152 58
46 42
109 67
122 119
96 104
131 97
146 84
103 106
124 137
54 100
103 156
21 42
123 127
175 108
69 124
85 109
91 130
86 92
132 114
71 99
102 107
137 128
125 37
67 94
169 102
117 126
121 107
90 70
99 103
62 117
88 73
115 60
87 56
107 81
78 117
121 55
105 138
81 87
98 122
123 140
130 148
111 115
48 155
138 76
104 138
112 83
110 129
112 88
91 58
122 75
129 123
84 99
98 64
115 125
106 98
86 162
90 97
163 75
124 99
33 64
115 130
90 67
63 80
119 135
124 65
136 111
67 118
95 85
106 93
111 105
76 120
117 85
85 63
121 153
143 124
123 112
62 103
112 167
107 113
88 82
87 84
108 95
92 111
77 144
59 70
74 111
81 62
116 162
120 146
128 127
92 50
147 160
93 127
97 73
89 89
24 61
91 110
107 100
91 44
112 84
110 101
48 89
125 88
78 91
74 74
84 73
152 56
127 134
126 70
64 98
170 117
67 110
28 131
90 0
126 140
104 55
143 80
178 113
107 91
113 122
108 29
132 129
103 136
105 115
98 120
130 75
96 75
122 92
91 118
106 96
132 6
42 108
77 107
135 87
101 108
102 97
56 107
90 11
117 118
107 97
77 49
58 55
101 95
149 70
53 158
103 175
73 97
120 60
62 155
106 144
95 62
109 78
133 105
129 54
79 54
94 106
62 110
44 79
46 110
92 64
96 87
87 95
101 67
78 145
87 86
147 30
171 113
56 102
132 105
137 107
95 95
113 78
85 100
108 97
62 61
106 112
157 99
93 67
92 106
84 120
164 138
84 93
135 88
103 79
58 128
50 128
55 148
118 98
94 111
70 136
103 123
88 121
133 148
106 113
49 47
105 86
72 127
85 41
103 109
71 41
116 119
69 111
72 85
47 102
113 96
87 63
113 97
76 116
132 92
50 123
124 84
99 120
110 97
130 172
131 81
136 121
116 88
79 116
84 105
163 100
96 114
104 125
74 41
121 92
135 78
89 42
58 131
128 89
92 109
39 152
89 131
82 124
88 103
145 110
104 123
127 80
83 120
125 128
121 109
139 121
75 96
136 106
116 111
43 139
98 86
106 83
145 63
113 107
119 105
116 65
121 105
117 53
93 76
106 56
95 58
57 157
68 113
52 126
89 152
110 87
70 105
97 89
93 121
73 103
95 113
174 56
109 127
74 76
100 129
31 106
101 42
51 66
111 102
88 137
52 85
72 167
169 54
58 93
72 96
147 104
33 112
85 98
104 101
28 134
113 105
108 104
95 98
94 56
119 170
143 99
91 125
105 69
154 122
86 136
147 144
106 82
122 122
83 99
82 111
87 110
94 68
145 59
83 105
61 102
77 92
135 73
61 84
104 130
49 154
154 78
63 21
158 75
48 117
80 107
96 98
93 146
105 105
93 95
146 135
99 122
120 110
84 147
121 78
82 116
102 73
124 104
79 111
111 101
72 117
64 85
155 95
115 90
96 157
127 116
154 39
63 194
61 67
144 107
110 79
107 75
79 137
102 82
41 86
141 59
147 88
150 72
156 96
110 117
99 108
144 117
53 89
100 95
67 48
63 106
79 138
165 74
66 79
99 113
15 122
92 122
123 63
120 138
