470
99 116
114 111
127 88
131 115
97 113
141 141
147 117
98 49
125 100
114 49
117 66
133 180
129 128
98 157
138 104
71 39
77 59
85 120
87 79
147 93
133 146
124 76
102 120
71 79
89 106
130 84
86 140
114 126
97 152
118 100
103 90
10 81
92 70
106 87
122 83
115 74
72 89
76 120
120 77
69 106
118 36
100 83
107 47
100 75
100 98
120 159
63 62
112 89
102 44
91 133
146 116
95 144
103 76
79 61
93 159
156 96
102 118
150 70
108 140
62 90
126 62
89 103
109 125
103 160
119 137
116 120
38 120
117 69
55 87
112 110
101 137
82 130
86 78
94 88
108 118
103 119
89 93
122 113
82 76
152 116
71 117
59 80
154 121
169 89
130 115
81 96
75 59
104 74
125 86
136 135
131 104
80 196
146 106
46 83
146 74
148 90
102 99
101 89
127 138
122 114
128 154
96 111
52 69
76 99
124 125
26 76
167 115
155 95
56 53
102 136
149 140
89 74
78 112
40 77
151 84
151 103
128 106
107 74
99 145
128 101
161 130
138 120
99 125
75 90
68 92
139 86
157 98
124 136
114 52
28 79
126 79
93 108
106 75
93 150
78 113
110 124
50 90
101 66
94 139
129 96
104 109
90 91
76 108
81 43
104 129
95 47
78 109
76 129
94 104
131 100
78 118
128 105
65 118
101 191
108 134
85 93
61 88
117 94
113 108
76 90
88 117
43 125
89 98
117 108
109 70
115 110
84 109
91 26
148 135
158 62
80 111
41 137
117 125
72 94
89 126
50 106
122 106
112 82
119 123
78 92
61 148
101 138
154 84
97 129
75 75
106 113
75 123
99 87
55 99
69 90
80 93
111 93
106 82
120 146
73 108
66 63
53 114
102 70
86 74
86 106
128 88
127 67
64 56
139 61
94 126
99 127
56 96
86 65
131 86
109 79
79 118
124 91
116 83
74 74
43 63
107 146
109 83
145 86
119 119
131 107
145 33
154 20
143 105
107 87
100 93
88 165
96 114
78 104
151 117
112 98
106 90
29 91
67 84
104 110
104 144
86 84
77 100
119 108
101 91
81 83
143 51
71 110
94 43
101 99
120 101
47 82
87 115
172 64
62 119
115 68
105 100
115 101
94 51
155 101
118 145
109 93
159 97
25 99
117 134
95 109
95 100
18 84
57 132
102 71
56 101
126 84
64 110
98 101
109 135
97 118
73 116
83 60
92 103
66 99
147 75
116 43
108 112
124 45
87 84
128 83
83 128
111 85
29 92
81 104
128 138
93 141
90 34
73 138
98 139
115 63
128 164
100 97
93 102
92 163
101 108
110 114
99 86
132 118
181 91
125 117
120 108
85 127
67 98
105 146
148 93
77 111
108 110
117 72
152 146
104 69
60 108
95 56
71 86
57 57
125 127
104 78
39 65
116 73
100 118
149 111
93 83
68 72
119 113
135 70
116 102
113 60
96 150
143 82
107 94
158 112
126 134
141 65
89 71
65 78
54 153
81 103
70 118
85 174
63 80
106 62
89 131
64 85
83 92
101 75
103 71
129 111
68 60
117 115
104 142
79 92
121 147
122 132
70 47
82 119
83 120
121 90
116 96
68 87
133 121
81 55
158 104
84 125
121 135
120 124
157 153
103 122
140 101
123 147
127 152
118 64
127 83
91 168
104 147
130 161
82 24
117 70
141 90
123 139
79 95
133 57
131 109
135 83
122 122
68 106
108 97
137 94
161 61
98 74
144 99
86 125
67 92
95 61
144 73
139 139
160 22
110 79
156 55
149 30
98 114
151 122
109 77
89 95
87 98
146 107
77 103
139 134
80 73
101 119
118 148
124 80
128 91
121 108
49 107
94 119
126 170
111 137
94 84
136 86
128 65
96 109
92 141
112 112
103 126
84 135
119 100
123 103
83 94
78 96
88 118
94 101
69 65
99 144
60 100
121 67
94 100
97 102
91 104
105 131
88 136
140 117
91 108
89 128
90 97
61 103
110 63
134 38
105 59
119 94
33 160
144 121
96 129
117 114
122 115
88 109
148 106
95 95
91 99
150 77
100 111
67 88
102 119
68 130
98 73
34 71
111 138
139 109
101 127
100 156
121 16
102 124
