470
103 187
31 92
117 86
84 135
91 81
75 102
113 109
48 69
114 101
126 59
136 66
122 95
83 100
117 75
114 106
117 140
133 122
84 78
86 78
105 134
86 143
93 89
41 72
40 131
132 101
145 107
69 87
144 26
107 63
160 113
128 78
72 122
97 69
132 86
55 44
130 82
142 101
79 81
64 107
98 143
75 149
86 44
109 87
86 128
111 70
74 79
91 116
105 61
136 38
80 137
121 97
118 65
151 57
94 118
126 101
123 125
49 124
128 55
40 97
104 98
87 34
78 145
90 118
113 80
123 35
49 121
90 84
102 83
81 120
152 85
80 105
66 95
76 79
67 49
114 70
97 111
115 104
112 76
80 130
128 105
108 158
58 102
143 111
93 97
88 71
89 66
58 84
86 102
82 133
88 200
77 116
92 94
71 105
100 111
110 124
76 133
57 86
85 71
116 108
157 114
101 85
80 68
134 92
115 60
119 105
47 122
66 119
142 53
91 140
90 69
111 128
108 136
109 84
117 101
96 37
70 128
56 126
112 59
47 106
88 63
126 54
29 92
116 107
61 124
107 122
94 53
94 144
103 101
107 73
89 127
139 43
64 90
98 33
48 141
118 59
55 78
93 70
146 71
177 109
100 97
157 123
64 92
87 117
157 105
82 136
127 50
107 102
138 133
85 123
120 134
105 137
106 56
146 102
128 108
132 98
118 122
129 42
91 83
68 81
97 107
73 139
133 102
109 158
102 102
91 59
111 104
72 36
100 137
141 116
106 111
88 94
106 45
96 129
86 96
151 77
154 76
71 43
98 149
77 51
114 67
84 83
103 93
78 95
99 112
134 86
90 78
50 139
18 98
93 122
110 86
92 150
124 121
170 94
84 85
130 106
104 135
118 101
60 95
107 86
67 105
138 54
92 117
118 127
118 109
79 116
93 99
55 91
153 113
63 123
69 183
120 124
48 89
100 147
45 111
101 107
27 101
58 42
104 12
154 89
83 81
18 51
70 139
36 123
126 75
52 131
125 169
91 141
142 94
121 160
52 58
110 92
100 49
99 135
67 89
128 143
101 77
71 109
72 91
91 135
139 101
128 152
66 151
87 116
135 138
117 91
109 98
91 71
69 165
93 76
79 59
154 93
146 108
116 66
72 109
50 124
92 82
105 113
158 43
116 64
154 75
94 64
86 99
149 142
74 109
139 27
74 113
23 116
63 51
92 97
122 124
74 125
108 28
129 84
65 155
45 90
99 143
81 59
127 120
88 109
112 154
80 118
56 135
110 119
60 87
81 137
88 104
164 111
158 177
105 76
74 93
138 83
71 58
114 128
80 147
109 166
125 110
57 98
59 93
132 78
108 93
83 123
62 149
84 149
124 77
61 99
139 115
81 126
72 59
152 84
97 56
61 83
134 110
100 130
111 134
116 130
101 87
104 67
119 99
125 83
108 119
89 80
118 98
138 67
66 157
61 30
128 102
108 115
112 99
100 144
153 159
128 113
103 130
112 87
101 154
119 140
85 119
77 48
89 144
114 118
84 107
107 107
115 119
111 178
95 77
43 113
157 112
46 75
86 107
138 126
78 116
114 133
68 108
104 124
130 133
42 101
129 59
106 84
119 78
73 87
148 67
138 127
163 100
107 80
99 97
85 56
151 82
83 94
103 120
102 117
155 84
74 90
138 72
57 107
131 69
140 32
91 97
122 149
127 136
103 98
114 123
122 131
162 116
136 152
128 92
52 52
77 128
139 193
73 76
104 75
64 85
67 74
111 93
109 56
89 12
90 83
87 109
137 69
77 98
82 124
97 115
145 122
71 98
56 132
114 116
113 157
80 80
74 102
125 94
58 63
102 111
73 74
96 58
70 114
61 168
106 80
95 89
148 64
141 80
69 73
130 53
102 146
62 183
102 171
69 96
89 79
106 104
74 84
78 102
68 135
102 47
75 129
82 118
112 74
129 127
95 87
98 73
125 117
111 85
135 140
101 72
91 82
153 150
97 92
127 105
78 82
75 104
58 82
108 62
80 100
126 106
76 86
94 80
138 123
155 95
96 91
99 60
107 56
121 133
108 107
101 113
75 74
72 127
109 122
69 127
158 118
91 110
76 39
141 106
87 132
135 77
