470
110 123
148 128
90 109
124 96
83 144
118 137
140 79
106 50
127 152
129 85
130 124
115 115
89 145
54 78
61 123
101 88
124 126
140 122
113 65
143 55
123 100
179 158
65 87
114 107
91 83
102 54
81 70
106 149
108 88
109 106
92 31
61 62
68 108
101 103
90 75
91 106
40 128
92 114
65 102
114 75
116 123
128 131
83 125
48 114
36 73
51 115
114 95
61 94
89 113
126 60
112 56
118 125
55 114
84 116
96 37
34 55
119 146
77 103
130 114
84 99
68 81
71 120
99 138
83 0
132 88
89 87
53 66
89 89
143 120
106 148
105 125
81 77
101 68
51 122
100 72
134 127
86 103
82 130
101 40
51 140
86 130
110 143
92 46
43 144
144 62
54 94
89 99
138 146
103 83
59 136
93 153
94 89
90 43
89 125
122 103
116 114
137 86
158 152
137 109
149 115
83 64
68 105
139 99
96 105
94 111
104 110
87 117
112 122
79 74
105 131
135 120
111 90
120 97
117 83
86 108
99 200
147 99
94 102
116 52
95 76
51 98
80 104
140 112
147 55
121 89
82 101
73 104
147 96
55 67
77 112
101 83
106 67
121 101
125 94
69 142
72 163
78 46
66 123
108 78
113 63
140 137
62 143
87 39
139 46
148 123
111 112
48 136
86 72
79 153
115 118
115 100
85 120
85 139
158 108
82 123
97 98
64 85
122 135
136 82
99 109
97 133
70 70
77 98
104 41
58 120
133 74
79 118
147 105
73 42
109 75
69 85
153 103
83 93
55 115
117 51
83 87
130 91
57 103
117 74
83 103
55 84
127 91
94 115
97 110
85 106
123 86
149 61
84 114
123 108
114 136
130 68
124 72
99 120
82 88
76 99
105 103
113 53
138 72
141 62
88 147
101 122
137 100
165 118
95 112
71 111
78 64
100 77
94 62
62 96
9 117
152 120
71 99
83 36
128 78
68 104
90 79
106 73
106 114
140 75
114 57
82 98
76 74
65 117
130 25
76 84
32 95
110 73
103 152
112 113
77 140
119 91
91 130
101 80
78 101
158 117
125 51
73 127
123 96
90 139
99 71
132 140
108 119
116 93
120 94
113 124
96 138
178 95
132 58
129 88
71 93
99 104
90 81
95 66
115 88
102 90
85 83
126 136
120 109
63 26
122 57
105 106
121 105
97 78
102 122
60 92
95 106
91 92
137 132
111 150
69 81
35 64
94 67
94 70
61 93
105 116
36 80
116 95
83 92
51 121
142 84
86 64
178 116
84 90
112 69
54 122
74 68
93 92
73 70
155 51
97 112
162 106
124 113
82 79
156 111
129 122
72 137
109 90
97 120
99 151
153 81
105 128
90 91
67 144
56 84
118 67
109 70
116 64
48 131
105 142
86 193
147 95
103 69
79 104
76 83
109 120
112 86
101 52
104 93
95 102
92 121
89 101
144 72
129 79
116 131
122 87
139 52
47 130
77 106
85 113
63 92
133 85
25 105
67 145
125 84
118 85
60 44
64 100
140 51
102 89
103 127
108 55
119 110
101 54
77 91
82 143
106 103
128 120
87 94
73 30
104 88
116 122
114 76
97 71
51 75
136 79
41 130
116 62
95 132
100 92
140 104
87 114
72 65
89 114
69 114
117 146
102 132
108 105
63 111
108 100
125 133
81 114
103 111
111 101
136 194
100 46
102 114
129 180
40 81
115 159
86 96
142 142
90 83
106 86
66 106
133 64
133 76
150 90
110 102
77 85
97 69
105 123
73 87
85 89
96 110
81 98
82 136
47 99
141 99
91 80
119 137
104 83
133 106
138 97
98 47
104 112
140 91
51 99
56 89
76 157
120 84
99 101
76 144
131 127
126 76
87 98
116 102
90 108
76 118
88 33
107 133
143 103
146 108
73 89
165 91
59 84
133 59
109 58
120 130
133 118
101 66
74 130
95 86
98 71
103 116
123 38
112 130
145 73
65 135
25 84
81 116
134 140
103 99
113 71
154 97
121 103
116 200
101 138
129 94
116 101
93 73
133 73
57 136
99 143
101 84
89 122
118 92
93 120
93 109
84 135
75 76
97 84
39 111
102 101
108 149
80 138
90 122
87 51
61 128
24 141
112 54
