470
112 112
111 8
72 117
81 109
124 66
119 116
85 122
115 67
111 109
74 152
97 75
63 104
139 32
72 40
79 86
109 121
88 94
153 104
104 68
123 99
57 64
33 31
72 68
119 100
125 60
99 91
136 90
111 54
79 54
90 145
64 98
98 61
106 68
110 116
103 108
177 132
122 152
84 140
126 60
111 108
77 137
43 95
134 59
39 81
84 164
91 95
42 100
78 133
110 112
74 132
99 89
115 69
86 119
115 89
103 83
107 101
138 85
121 115
131 86
93 164
84 90
64 86
109 90
106 81
64 135
56 109
98 38
82 98
70 100
104 126
86 75
146 158
156 105
80 100
109 131
96 75
142 129
118 112
71 51
106 112
166 116
82 111
128 128
93 83
128 97
83 92
41 94
109 107
84 99
118 21
87 162
74 31
94 170
99 68
87 132
5 72
74 78
108 126
102 49
79 126
105 137
64 95
81 102
112 109
135 63
54 140
72 72
144 169
90 30
83 52
142 133
94 70
151 118
40 114
117 84
131 89
124 55
82 145
90 84
99 65
63 85
62 65
104 123
138 100
69 76
57 107
96 113
108 138
146 119
109 55
64 114
117 170
148 136
89 104
100 104
40 79
72 135
51 131
73 82
86 82
126 85
112 36
124 145
65 42
159 120
112 140
106 73
118 60
79 36
97 116
114 103
95 94
138 121
104 98
67 117
78 145
76 100
59 104
157 113
99 119
144 55
74 145
75 107
103 54
144 141
65 43
85 162
126 73
116 142
30 87
108 103
97 98
80 107
120 118
95 139
113 119
144 123
94 133
112 66
144 105
69 67
64 92
61 108
138 88
168 81
60 102
126 129
76 115
135 77
142 63
82 75
117 122
46 127
130 159
105 68
51 82
115 110
158 77
108 106
110 130
97 135
92 36
91 151
99 86
124 140
57 77
47 67
172 110
65 110
100 106
64 77
70 76
117 148
54 105
124 46
63 95
48 78
115 108
115 123
82 58
97 80
104 103
126 150
34 91
99 155
47 122
80 120
70 102
95 98
60 76
76 89
89 143
132 82
86 107
114 120
50 60
88 62
115 153
69 130
124 93
93 117
127 121
73 61
100 114
64 93
100 119
75 95
107 104
100 93
110 89
48 119
117 132
55 117
89 171
70 131
61 95
72 138
50 85
113 82
34 51
72 75
62 53
73 63
62 76
114 70
142 121
83 94
85 116
84 74
133 123
130 124
67 133
54 115
53 36
114 95
108 68
131 105
146 101
71 107
75 121
68 44
93 138
98 100
145 148
159 100
99 105
42 52
129 81
92 45
102 89
108 90
102 57
120 106
96 117
148 42
100 39
92 113
92 84
93 75
63 125
115 63
88 119
95 85
117 113
73 103
104 65
140 76
42 155
158 81
100 78
39 164
121 122
97 122
64 106
101 140
128 109
122 43
130 92
136 107
88 100
120 103
154 141
87 135
141 9
144 111
151 81
94 91
97 117
93 98
132 81
97 59
93 63
149 98
93 103
127 80
134 118
85 99
91 31
104 121
158 82
84 103
77 90
105 178
84 126
159 82
91 114
84 150
100 99
108 86
100 109
103 116
64 54
108 91
116 124
40 102
119 83
84 52
144 86
132 139
121 93
78 110
151 112
145 103
102 123
114 68
106 144
121 171
24 72
114 67
109 91
73 108
127 130
81 86
41 133
139 100
96 116
160 151
82 104
110 113
81 93
115 81
47 92
149 79
100 140
152 118
127 96
97 99
107 62
86 133
63 128
146 102
120 180
133 76
90 122
124 118
102 70
128 116
56 120
81 79
128 90
66 137
121 86
94 129
137 83
71 101
129 142
81 70
115 116
61 86
146 78
97 120
106 82
29 87
78 87
153 123
109 64
66 109
40 125
118 140
93 100
88 136
72 111
110 83
84 109
108 97
104 37
110 58
148 68
81 108
156 173
89 111
52 110
80 79
107 94
76 111
78 93
148 109
110 153
85 156
140 77
135 31
87 134
86 120
99 72
61 127
77 36
135 125
96 101
106 54
114 114
177 78
118 120
97 113
83 103
83 25
54 75
86 35
72 133
104 53
71 39
89 63
120 108
188 87
72 119
84 96
114 117
83 133
90 86
100 174
44 128
