150 4000
30 8
77 8
148 8
195 8
144 8
96 8
16 8
21 8
241 8
222 8
288 8
85 8
248 8
157 8
201 8
21 8
251 8
248 8
38 8
209 8
284 8
26 8
295 8
249 8
72 8
154 8
100 8
149 8
140 8
245 8
28 8
40 8
21 8
160 8
94 8
275 8
263 8
287 8
30 8
64 8
25 8
137 8
167 8
195 8
270 8
174 8
197 8
150 8
85 8
13 8
106 8
69 8
89 8
217 8
175 8
188 8
242 8
197 8
169 8
248 8
59 8
113 8
139 8
133 8
10 8
295 8
36 8
251 8
186 8
70 8
261 8
52 8
46 8
155 8
280 8
258 8
208 8
117 8
134 8
180 8
22 8
40 8
39 8
163 8
80 8
166 8
217 8
48 8
81 8
10 8
246 8
283 8
235 8
293 8
214 8
203 8
96 8
214 8
8 8
104 8
249 8
298 8
123 8
164 8
47 8
0 8
272 8
130 8
112 8
266 8
26 8
290 8
230 8
13 8
272 8
82 8
154 8
97 8
295 8
241 8
66 8
53 8
135 8
286 8
43 8
284 8
61 8
141 8
58 8
160 8
78 8
148 8
189 8
28 8
193 8
135 8
50 8
25 8
23 8
131 8
90 8
187 8
195 8
114 8
204 8
261 8
265 8
90 8
223 8
298 8
332 377 1.5
318 446 2
339 468 2
346 454 1
338 440 2
307 365 1
301 463 2
331 444 1.5
322 442 1
324 444 2
309 356 1
341 380 1.5
339 422 1.5
330 384 2
329 390 1.5
301 438 2
324 390 1
323 411 2
332 447 1
348 467 1
340 408 1.5
317 419 2
301 372 2
332 455 2
345 426 1.5
314 400 1.5
321 428 2
303 453 1.5
310 357 2
322 404 1.5
321 416 1.5
345 446 1
317 466 1.5
331 380 1
316 412 1.5
341 437 2
336 426 1.5
308 442 1
344 435 1.5
318 378 2
307 411 1.5
300 401 1.5
308 416 1
303 362 1.5
346 447 1
333 382 2
337 463 1.5
344 433 2
333 403 1.5
318 433 1
316 390 2
334 431 1
323 448 2
322 397 1.5
311 441 1.5
315 468 1
337 410 1.5
341 409 1
312 425 1
307 437 1.5
316 452 2
330 437 1
323 403 1
329 412 1
329 423 2
340 383 2
309 353 2
325 404 2
329 455 1.5
341 361 2
325 423 1.5
320 446 1.5
301 375 2
331 370 1
335 397 2
332 443 2
348 397 1.5
333 373 2
300 396 1
344 445 1
311 400 1.5
337 418 1
324 442 2
347 440 2
323 444 1.5
321 435 2
319 438 2
333 414 1.5
335 444 2
323 360 1.5
322 387 1.5
333 383 2
316 421 2
344 469 1.5
324 383 1.5
322 397 1
316 465 1
313 366 2
348 423 1
341 350 1
347 406 1
343 381 1
333 433 1.5
305 430 2
308 417 2
327 442 1
332 458 1
347 392 1.5
325 398 2
346 412 1
336 358 2
344 435 1
318 355 1.5
310 351 1
339 445 2
318 415 1
344 444 1.5
310 383 2
313 460 2
304 403 2
338 399 2
319 461 1.5
319 450 2
323 465 2
322 386 1.5
346 351 2
321 415 2
301 368 1
312 401 1.5
322 379 1.5
311 426 1.5
302 446 1.5
328 398 2
311 435 1
318 444 1
300 376 1
312 410 1
313 365 1.5
301 429 1.5
309 435 2
334 457 1.5
335 445 1.5
339 385 2
311 412 2
341 454 1.5
300 389 1
306 431 2
329 351 1
313 417 2
312 388 1.5
345 394 1
320 374 1.5
347 453 2
347 428 1.5
338 456 2
334 425 1
345 419 1
312 409 1
321 434 1
301 458 2
314 434 1
326 424 2
330 448 1.5
310 405 2
303 456 1.5
324 402 1.5
318 387 1.5
336 441 1
316 434 1.5
322 409 1.5
341 463 2
320 463 2
313 366 2
337 426 2
341 401 1.5
337 467 1.5
334 465 2
342 374 1.5
347 459 1
324 380 2
330 408 1.5
325 369 2
313 369 1.5
340 373 2
339 428 2
327 410 1
343 469 1.5
339 402 2
328 411 2
303 410 1.5
337 427 1.5
313 439 1
309 359 2
337 391 1.5
310 379 1.5
316 464 1.5
323 372 1.5
306 388 2
330 408 2
324 404 1
341 444 1
314 447 2
349 403 1
333 451 2
342 376 1
346 435 1.5
340 380 1.5
326 460 2
331 447 1.5
300 383 1
307 459 2
337 384 2
342 406 1.5
334 469 2
316 460 1.5
326 375 2
317 456 1
334 435 1.5
329 411 1
311 454 1.5
330 462 1.5
331 399 1.5
329 415 1
348 362 1
308 443 1
336 433 2
305 417 2
330 371 2
313 414 2
337 427 1.5
333 368 1.5
314 387 1
331 430 1.5
334 368 1.5
326 377 1
315 354 2
301 384 1.5
320 373 1.5
320 442 1
345 388 2
348 373 1
346 468 1
344 427 2
314 363 1.5
300 469 1.5
324 461 1
306 400 1
327 374 1
339 394 1.5
349 412 1.5
303 387 2
342 439 2
320 412 1
321 441 2
345 391 2
329 393 2
339 415 1
318 368 2
318 453 2
302 376 2
317 359 2
306 396 1.5
300 362 2
348 453 1.5
331 437 1
303 469 1
308 465 1.5
341 394 1.5
307 423 1.5
311 367 1
317 448 1.5
307 438 1
329 402 2
305 417 2
314 441 1
318 411 2
342 414 1
335 425 1.5
338 405 1
341 404 1.5
309 422 1.5
324 357 2
328 460 1
310 415 2
325 381 1
337 451 1
340 387 1.5
304 393 1.5
348 412 1.5
334 378 1.5
312 392 1
313 378 2
349 382 1
340 465 1
321 368 1
328 431 1
316 371 1.5
345 452 1.5
308 469 1.5
313 460 2
335 386 1
318 408 1.5
343 453 2
304 386 2
324 432 1.5
319 384 2
302 361 2
306 373 2
310 403 2
301 361 2
315 381 2
316 457 2
326 434 2
343 413 2
314 374 2
320 358 1.5
332 401 1.5
310 434 1
329 377 1
335 393 2
311 450 1.5
327 390 1
308 468 2
345 356 1.5
335 374 2
315 457 1.5
344 383 2
347 426 1
300 455 2
325 387 2
345 385 1
333 447 1
333 433 2
314 454 2
337 419 2
313 375 1.5
307 456 1
327 386 2
328 417 1.5
320 357 1.5
331 384 1.5
314 437 1
338 396 1.5
348 418 1.5
302 431 1
318 460 1.5
346 447 1
322 415 1
306 446 1
342 453 1
342 452 1.5
320 404 1
306 428 1
332 386 1
336 409 1.5
330 425 1
317 373 2
326 387 1
310 396 1.5
317 448 1
302 403 2
314 422 1.5
320 464 1
340 427 1.5
309 354 2
329 362 1
344 437 1.5
314 396 2
338 445 1
314 440 1
338 350 1.5
344 426 1.5
306 386 2
332 373 1.5
335 389 1.5
315 411 2
348 397 1
304 446 2
337 451 2
314 375 1
327 360 2
318 355 1.5
312 430 1
307 399 1
320 416 1.5
319 442 1.5
342 369 1.5
331 432 1.5
340 355 1.5
328 366 2
336 393 1.5
341 374 1
307 438 1.5
302 357 1.5
348 394 2
309 382 2
349 420 2
316 418 2
328 429 1.5
323 358 1
340 412 2
317 468 1
329 451 1.5
333 446 1.5
325 359 1
337 362 1.5
321 354 1.5
332 386 2
301 380 2
343 409 1.5
331 451 1
327 442 1.5
344 394 1
323 387 1
347 390 1.5
322 469 1.5
341 459 2
323 399 1.5
301 436 2
335 356 1
348 388 2
310 390 1.5
313 416 1.5
338 387 1.5
307 382 1
310 428 2
323 369 1
310 373 1
301 389 2
333 428 1
340 466 2
334 430 1
314 412 2
330 356 2
310 355 1
338 454 2
337 453 1.5
341 410 1
302 371 1.5
317 433 1.5
344 442 1.5
333 409 1.5
310 462 1
343 404 1
308 435 2
332 355 1
320 417 2
310 361 1
345 450 1.5
346 375 1
322 461 1
312 415 2
340 431 1
334 439 1
332 376 1
344 423 1
327 392 2
309 430 2
305 357 2
304 406 1
347 442 2
304 370 1.5
338 380 2
319 388 1.5
309 359 1.5
345 376 1.5
310 433 1
341 458 1.5
325 395 1
348 362 1
322 366 1
308 453 1
325 385 1.5
327 402 1.5
344 351 1.5
330 433 2
314 361 1
345 405 1.5
338 400 2
342 426 2
302 433 1
327 462 1.5
325 444 2
348 461 1.5
334 367 1
348 450 2
343 390 1.5
324 417 1
307 414 1
308 376 2
342 416 1
342 364 2
337 379 2
331 465 1.5
336 427 2
301 432 1.5
313 399 2
322 428 1
349 427 1.5
325 436 1
335 362 1
315 464 1
348 388 1.5
343 466 1
310 403 2
345 354 2
331 449 1
320 423 2
314 386 1
338 460 1.5
344 428 2
342 463 1
309 459 1
302 414 1
303 365 1.5
329 372 2
347 448 1
314 454 1
329 388 1
339 354 1.5
301 367 2
314 444 1.5
345 439 1
333 364 1
346 453 1.5
312 357 1.5
318 400 2
304 410 2
339 416 2
314 459 2
333 425 1.5
340 453 1.5
331 438 1.5
311 444 1.5
321 465 1.5
345 430 1
338 358 2
333 385 1
320 362 2
327 360 1.5
341 383 2
337 469 2
325 420 1.5
316 432 1.5
305 451 1.5
337 412 1.5
340 416 1.5
327 366 2
317 361 1
319 377 1
345 381 2
311 460 1
325 353 2
323 360 2
309 462 1.5
325 468 1.5
321 383 2
329 435 1.5
326 431 1.5
304 377 2
317 372 2
323 429 2
348 437 2
300 462 1.5
313 425 2
317 363 1.5
331 450 2
327 377 1
303 396 1.5
330 411 1.5
348 446 1.5
326 461 1.5
344 377 1
341 386 1.5
312 418 1.5
339 371 2
326 383 2
317 356 1.5
318 367 2
304 388 1
317 435 1.5
304 429 1
338 439 2
335 449 1.5
340 431 2
337 467 1
301 378 2
329 464 2
322 399 1
332 438 1.5
314 379 1.5
343 417 1.5
345 407 2
310 386 1
332 450 2
322 357 1.5
336 421 1
308 395 1.5
307 426 1.5
342 380 2
325 384 1.5
317 426 2
336 378 2
332 360 1
327 414 1
344 468 1
324 370 1.5
303 364 2
346 454 2
346 359 1.5
325 459 1.5
347 380 1
330 421 1
343 355 1
307 350 2
320 375 1.5
307 393 2
346 420 1
329 358 1.5
339 412 1.5
343 401 1
301 458 2
330 356 1
303 398 1.5
333 452 1.5
337 436 1.5
329 447 2
307 408 1.5
321 409 2
301 357 1
321 449 2
300 452 1.5
303 351 1
344 462 1
320 401 1
306 462 2
305 438 2
343 355 1
306 410 2
329 445 1
317 439 1.5
306 455 1.5
329 422 1
302 449 1.5
300 372 1
344 436 1
336 405 2
315 410 2
312 437 1
333 369 1
332 466 1
307 353 2
319 455 1
308 454 2
336 415 1
336 355 2
303 442 2
308 401 2
348 458 1
347 448 2
315 449 1.5
316 362 2
303 411 1
339 421 1.5
349 422 1.5
347 469 2
349 406 2
334 358 2
344 407 2
307 406 2
345 384 1.5
313 466 1
337 398 1
321 438 1.5
329 423 1
318 352 1
333 386 1.5
330 463 2
323 443 1.5
329 357 1
319 359 1.5
343 443 1
317 356 2
347 457 2
323 450 1
312 438 1
331 424 1
331 436 1.5
321 462 1
335 422 1.5
311 435 1
322 390 1
312 469 1
321 354 1
307 426 1.5
325 370 2
332 395 1.5
323 392 2
317 424 1.5
330 433 2
317 381 2
322 384 2
310 389 2
332 453 1
313 390 2
309 419 2
319 404 1
321 376 1.5
328 391 1
304 389 1.5
338 424 1.5
319 456 1
307 411 1.5
310 360 2
314 362 2
325 378 1
325 369 1.5
333 373 1.5
307 372 1.5
313 404 1
304 435 2
331 454 1
312 380 1.5
344 466 2
303 383 2
335 404 2
333 383 1
323 433 2
332 391 1
339 413 1.5
324 435 1
318 435 1
319 431 1.5
309 423 2
326 419 1
334 381 1
318 469 1
347 377 2
305 467 1
345 436 1
331 384 1
313 392 2
331 451 1
339 396 2
325 384 2
319 373 1.5
349 392 1
317 429 1.5
313 373 2
314 463 1
337 355 1.5
327 464 2
313 379 1
320 379 1.5
300 383 2
335 396 1.5
338 416 2
345 452 1
343 356 1.5
333 445 1.5
303 386 1.5
332 362 1.5
312 357 1
325 420 2
342 369 1
341 449 2
347 365 1.5
317 352 1.5
301 455 1
347 469 2
321 394 2
307 361 2
337 353 1.5
329 391 1
343 408 1.5
330 413 2
328 434 2
311 408 1.5
314 411 1.5
310 433 1
330 375 1.5
346 368 1.5
310 447 1.5
315 460 2
301 393 1.5
322 469 2
340 382 1
348 369 1.5
326 429 1.5
322 403 2
306 431 2
346 468 1.5
310 356 1.5
318 419 1.5
346 359 1.5
312 459 2
325 388 2
345 455 1
333 417 1.5
323 420 1.5
327 418 1.5
346 365 1.5
330 390 1
343 371 1
349 353 1.5
301 436 1.5
348 377 1.5
346 463 2
340 455 1
308 366 1.5
326 396 1
330 377 2
314 431 1.5
337 432 2
320 451 1.5
304 410 2
345 359 2
335 445 1
333 411 1.5
308 418 2
344 421 1.5
340 388 1
338 365 2
326 366 1.5
348 391 2
343 385 1.5
334 397 1.5
323 417 1
308 417 1.5
344 437 1.5
341 385 1
309 445 2
315 433 1.5
310 438 2
308 387 2
300 391 1
312 433 2
309 382 2
319 366 1.5
304 433 1.5
346 360 1
331 406 2
336 389 1
309 454 1
337 422 2
333 423 2
340 459 2
339 372 1.5
301 372 1
322 412 2
320 410 2
302 386 2
338 378 2
348 371 2
319 385 1.5
306 372 1.5
339 464 1.5
308 433 1.5
349 420 2
312 370 1.5
310 453 2
300 445 2
344 425 1
314 389 1.5
345 372 1
320 412 2
344 352 1.5
300 386 1.5
313 456 1
323 387 1.5
342 431 2
310 449 1
343 369 1
313 352 1
314 406 2
322 460 1
338 405 1
333 441 2
348 350 1.5
308 397 2
336 360 2
313 366 1
347 450 1
324 390 1
325 393 1
326 460 1.5
314 387 1.5
339 351 1.5
345 435 1.5
301 435 1
326 447 1
347 434 1
343 452 1
320 409 1
304 420 1.5
324 436 1.5
313 400 2
348 354 1
305 363 2
339 351 1
324 388 1
337 453 1
320 356 1.5
311 433 1
309 380 1
324 433 2
327 376 1.5
308 374 1
328 449 1
342 445 1
331 365 1.5
319 463 2
304 369 1.5
332 392 2
342 392 1
313 423 2
304 449 1.5
311 412 1
311 468 1
317 437 1
325 370 2
321 418 2
337 454 2
306 353 1.5
333 427 1
344 424 1
303 398 1.5
324 422 2
345 397 2
340 466 1
326 460 1.5
332 420 1.5
315 372 2
325 435 2
342 391 2
314 456 1
317 438 1.5
309 414 2
312 428 2
341 359 1.5
328 464 2
345 395 1.5
335 419 1
330 420 1.5
305 435 2
302 461 1.5
333 435 1
340 415 2
304 381 2
323 423 1.5
318 372 1
308 397 1
310 385 1.5
341 462 1.5
330 392 1.5
323 370 1
308 397 1.5
326 416 2
320 409 1.5
346 403 2
323 357 2
300 373 1
311 391 2
309 388 2
338 455 1
314 450 2
322 419 2
301 363 1.5
337 453 1
348 446 1.5
302 358 2
301 393 1
345 351 2
325 427 1.5
336 413 1
311 456 1
343 450 2
311 453 1.5
321 381 1
349 352 1.5
317 436 1.5
338 438 1.5
337 468 1
347 452 1.5
315 450 2
316 466 1
307 402 1
316 369 1
301 390 1
336 354 1
333 399 2
308 410 1.5
344 407 1
333 429 2
339 351 2
329 389 2
335 384 1
330 376 2
308 456 2
346 370 2
340 440 2
301 461 1
308 450 1.5
346 441 1.5
304 404 1
333 417 1
325 367 2
327 368 1.5
332 422 1.5
319 416 2
322 428 1
318 387 2
302 415 1.5
309 374 1
316 462 1
335 395 1.5
348 368 1
301 383 2
342 410 1
325 417 2
340 405 2
313 392 2
340 350 1
302 424 1
325 391 1.5
348 455 1
316 448 2
330 455 2
325 426 1
305 455 1
303 356 1.5
327 380 1
342 394 2
348 361 1
339 450 1.5
317 455 2
337 405 1
300 468 1
310 400 2
326 468 2
310 378 1.5
332 424 2
337 427 1.5
317 411 1
305 455 1
341 353 1
312 357 1.5
335 427 1.5
300 438 1
340 352 1.5
315 438 1
347 379 1.5
320 415 2
344 438 1.5
316 454 2
315 454 1.5
336 353 1
309 412 1
320 387 1.5
300 394 2
314 402 2
348 413 1
320 427 2
341 415 1.5
323 382 2
331 453 1
324 456 1.5
333 418 1.5
312 384 2
329 375 1.5
336 418 2
349 371 1
348 362 1
339 373 1
337 462 2
302 446 1
307 407 1.5
338 413 1
323 351 2
311 378 1.5
342 415 2
338 382 1.5
314 422 1.5
329 424 2
308 366 1
339 429 1.5
331 389 2
340 403 1
328 428 1.5
306 421 1
317 379 1.5
307 403 1
344 445 1.5
330 425 1.5
320 468 1
315 426 1
325 428 1
341 405 2
340 419 1.5
322 376 1
337 384 1.5
311 384 2
321 389 1.5
346 417 1.5
324 455 1.5
335 421 2
315 389 1.5
339 440 1
301 420 2
318 371 1.5
326 432 1.5
327 427 2
308 425 1
348 369 1
316 467 1
333 467 1.5
321 460 2
328 362 1
332 454 2
328 450 1.5
331 467 1
323 418 1
308 412 1
312 439 1.5
301 351 1
311 419 1
339 460 2
330 461 1.5
338 359 2
340 414 1
315 413 1.5
323 461 1.5
327 385 1
315 429 2
324 411 2
307 359 1
336 436 1
340 351 1
305 368 2
316 372 2
340 445 1.5
326 441 1
318 422 1
338 387 1.5
301 376 1.5
329 469 1
313 387 1
307 387 1.5
309 351 2
336 444 1.5
305 451 2
337 409 1
312 387 1
320 389 1
314 351 2
336 390 1
343 389 1
346 425 1.5
326 409 1
341 384 1
332 449 1
332 355 1
310 447 1.5
339 396 2
317 411 2
329 390 1.5
336 460 1
328 405 1
301 361 1
317 418 1.5
317 373 2
338 411 2
327 454 1.5
324 439 1.5
305 385 1.5
337 404 1.5
323 456 2
326 367 1
335 415 1.5
311 353 1
343 399 2
309 401 1.5
349 421 1
340 461 1
320 429 1
317 357 1
336 468 2
308 401 2
326 409 2
340 401 1.5
343 415 2
349 465 1
337 459 1
345 372 1
347 354 1.5
344 427 1
330 356 1
346 435 1
308 386 2
307 407 2
342 401 1.5
306 447 2
305 417 1
346 456 1
345 415 1
345 380 1
319 446 1.5
333 450 1.5
345 381 1
304 412 2
336 446 1.5
317 436 1
301 459 2
349 394 1.5
318 354 1.5
347 415 2
331 460 2
348 436 2
313 388 2
332 374 1.5
331 400 1.5
313 428 1.5
349 455 1
338 442 1
300 442 1.5
310 439 1
304 430 1.5
303 415 2
338 353 2
343 385 1
343 453 1
321 417 1.5
313 391 1.5
302 407 2
310 435 2
306 451 1.5
312 399 1
336 452 2
318 457 1
319 377 1.5
338 350 1
332 454 2
309 422 2
306 468 1.5
307 461 2
322 352 1
335 450 1
301 385 1.5
321 414 1.5
304 465 1.5
344 449 1.5
333 353 1
342 395 1
309 453 1
323 385 1.5
338 403 1.5
320 433 1.5
316 408 2
338 442 2
305 464 1
313 414 2
322 435 2
343 447 2
341 431 1.5
304 457 1.5
313 352 1.5
339 387 1
340 415 1.5
325 365 2
326 396 1.5
305 394 1
336 424 2
306 407 1.5
338 375 2
329 392 1.5
320 447 1.5
337 409 1.5
330 384 1.5
319 413 1.5
323 397 1.5
343 381 1
319 387 2
318 430 1
323 375 2
342 456 1
309 436 1.5
340 451 1.5
337 446 2
337 405 1
326 412 1
300 445 1
336 451 1.5
321 438 1.5
301 438 1.5
343 357 1.5
324 391 1.5
302 461 1
312 357 1
327 375 1
335 351 1
312 419 1
340 432 1
333 396 1.5
312 452 1.5
326 375 2
320 416 2
331 391 1
319 425 1
313 433 1
349 418 1
348 421 1
304 405 1
313 446 2
337 353 2
338 434 2
330 451 1.5
340 456 1.5
313 420 1.5
311 356 1.5
325 380 1
325 373 1.5
332 457 2
321 417 2
320 408 1
330 364 2
322 383 2
335 415 1.5
343 426 2
324 467 2
347 434 1.5
334 402 1
328 375 1
345 414 1
303 446 1
335 385 2
335 452 2
313 373 2
308 402 1
316 431 1
318 445 1.5
334 421 1
316 451 2
322 454 1.5
321 424 2
316 426 1.5
333 448 1
328 455 1.5
302 415 2
329 413 2
310 453 1.5
346 410 1.5
334 422 1.5
332 389 2
310 351 2
324 455 1
335 439 2
325 426 1.5
342 404 2
337 402 2
309 368 1.5
316 359 1
309 408 1
304 363 2
347 386 1.5
322 431 1.5
319 356 2
340 422 1
300 433 1.5
322 452 1
320 405 1.5
340 467 2
304 365 1.5
341 351 2
347 444 1.5
322 396 1.5
330 393 2
312 396 2
320 444 1.5
310 404 1
325 425 1
335 376 1.5
325 432 1
319 414 2
310 465 1
344 453 1
337 448 1.5
325 371 2
313 410 1.5
322 397 1
340 439 2
329 454 2
310 459 1.5
327 404 2
341 370 1
347 375 1.5
314 352 1
315 427 1.5
316 379 2
304 456 1
320 417 2
325 391 2
325 357 2
300 413 2
318 463 1
313 375 1
336 438 1.5
302 450 1
332 365 1
338 417 2
325 407 1
336 432 1
314 456 2
345 374 1
340 359 1
335 428 2
303 418 1
332 363 1
302 427 2
345 402 1.5
308 366 1
344 437 2
324 388 1
337 438 1.5
347 372 2
325 398 1.5
330 401 2
309 370 1.5
332 447 2
310 409 1.5
308 430 1
305 461 1.5
343 374 1.5
321 449 2
343 415 1.5
339 425 2
326 436 1
339 390 1
335 367 1.5
340 396 1
334 419 2
324 363 1
304 393 1
303 387 1.5
306 418 1
340 398 1.5
325 461 2
334 420 2
302 391 1
333 430 2
337 454 1.5
337 403 1
319 353 2
313 379 1
329 370 2
305 453 1
328 370 2
337 378 1.5
347 463 1
321 460 1.5
306 384 1.5
321 384 1
345 468 2
341 364 2
335 375 2
337 400 1.5
310 360 2
304 435 2
303 460 1
314 371 1.5
318 438 2
349 367 1.5
348 419 1.5
305 444 1
301 385 2
332 378 1
301 351 1
314 437 1
314 385 2
304 444 1.5
317 409 2
302 360 1
332 379 1.5
302 401 1
334 412 1.5
331 427 1.5
335 431 2
336 430 1.5
303 365 1
342 388 1
348 456 1.5
337 389 1.5
342 406 2
323 439 1
316 368 1.5
341 409 1
301 447 1
340 441 2
330 375 1.5
315 401 1
319 383 2
320 360 2
317 454 1
326 405 2
306 365 1
322 371 1
305 445 1
323 440 2
336 392 1.5
315 414 1
323 443 1.5
310 417 2
301 350 1
325 378 2
315 358 1
325 371 1.5
311 379 1
325 405 2
329 390 1
332 428 2
306 379 1.5
349 440 1.5
348 365 1
309 379 2
311 392 2
331 429 1.5
302 360 2
311 354 1.5
309 361 2
349 443 2
345 460 2
305 385 1
346 428 2
348 358 1
336 394 1
320 354 1
344 369 1
343 439 1.5
341 464 2
307 403 1
309 418 2
304 432 1
333 463 2
328 379 2
307 375 1.5
323 450 2
327 406 1.5
336 427 1
329 460 1
334 376 2
338 366 2
327 390 2
305 389 1
314 447 1.5
319 407 2
311 390 2
335 460 1.5
344 357 2
336 441 1.5
326 437 1
327 429 1
342 375 1.5
314 390 1
325 351 2
304 454 1.5
303 422 1
305 382 1.5
315 443 1.5
309 389 2
316 366 1.5
338 367 2
341 467 1
306 393 2
300 431 1
339 393 1
338 458 1
311 389 2
330 419 1.5
322 450 2
321 403 1
330 464 2
324 444 1.5
300 385 2
303 350 2
339 445 2
308 397 2
319 456 1
305 377 1.5
306 360 1
301 374 2
304 456 2
315 464 1.5
319 387 1.5
343 422 1.5
314 445 1.5
339 388 1
317 460 2
306 384 1
327 383 2
315 352 2
334 379 1.5
302 366 1
323 376 2
312 363 2
310 450 1
312 378 1.5
326 371 1
313 390 2
325 361 1
301 376 1
309 426 1.5
337 352 2
345 390 2
343 375 1.5
315 367 1.5
303 441 2
312 408 2
310 352 1
300 428 1
321 419 1
318 365 2
306 397 2
345 439 1
304 417 1.5
324 446 1
321 413 1
306 391 1.5
317 372 1
340 358 2
333 350 1
345 423 2
336 436 1
302 419 1
311 427 2
343 465 1.5
325 414 1.5
345 354 1.5
340 426 1.5
311 442 2
310 469 2
319 415 2
314 437 1
321 462 1
345 406 1
340 417 1.5
301 382 2
306 425 1
328 351 2
303 405 1.5
338 367 1.5
341 428 1.5
312 467 2
349 441 1
312 468 1.5
336 391 2
307 396 2
343 446 1.5
307 453 1
302 456 1.5
309 458 2
315 444 1.5
331 424 1
318 392 1.5
342 354 1.5
313 454 1
339 398 1
306 400 1.5
318 362 2
301 400 2
325 406 1
342 413 2
305 360 2
340 415 2
310 440 2
342 354 1.5
305 383 1
302 371 2
349 405 2
347 416 1
317 407 2
333 450 1
341 397 1.5
320 410 2
300 354 1.5
323 419 1
322 462 1.5
323 389 2
301 460 2
303 414 1.5
324 451 2
337 374 1.5
323 459 1.5
318 389 1
345 433 1.5
324 400 2
300 463 1
301 420 1
323 363 1
307 377 1
312 420 1
303 400 2
331 409 1
332 436 2
328 434 1
339 419 1
316 384 2
349 379 2
310 406 1.5
345 431 1
318 360 2
328 352 2
315 422 1.5
329 418 1
322 419 1
341 434 2
331 363 1
342 419 2
338 366 1
307 449 1
325 428 1.5
346 373 2
346 416 2
323 379 1
331 459 2
339 356 1.5
309 424 1.5
320 373 2
319 358 2
337 462 1.5
338 396 1
348 369 1
304 443 1.5
306 360 1
312 397 1.5
344 426 1.5
329 354 2
344 428 1.5
341 366 2
338 389 1
340 368 2
329 405 2
329 381 2
333 462 2
345 394 2
340 442 1.5
333 440 1
333 459 2
316 427 1.5
336 463 1
305 448 1.5
342 397 2
316 384 1
326 408 2
311 434 1.5
345 358 2
326 366 1.5
340 449 1.5
305 453 2
338 429 1
331 433 1.5
338 404 1
313 448 1
346 362 2
312 421 1.5
340 442 2
338 419 1.5
344 439 2
321 397 2
345 442 1
345 441 2
311 430 1
308 420 1.5
344 378 2
301 390 1
309 379 2
309 354 2
313 414 2
304 456 1
305 402 1
327 450 2
304 377 2
323 455 2
320 435 2
301 438 1
327 394 1.5
314 409 1.5
331 440 2
341 409 1
318 402 1.5
310 395 1.5
341 423 1.5
342 405 1.5
318 461 2
331 431 1
344 463 2
335 382 2
342 456 2
327 381 1
338 393 2
307 405 2
336 372 2
349 430 1
340 412 1.5
309 468 1
322 456 1
310 447 2
336 406 1
307 358 2
341 446 1
317 366 1.5
320 458 1
324 445 1.5
309 396 1
307 351 2
326 425 1
331 442 1.5
331 387 1
301 372 2
347 405 1.5
327 395 2
306 359 2
330 429 1.5
315 461 2
305 360 1
314 433 1
307 373 1.5
343 413 2
347 359 1
346 433 1.5
316 428 2
318 444 2
322 467 2
316 353 2
335 462 1
301 432 2
300 443 1
304 398 2
333 426 1
338 456 1.5
325 437 1.5
339 376 1
311 438 2
305 384 1
303 388 1.5
317 364 2
323 364 1.5
346 363 1.5
343 391 1
328 381 2
300 398 2
344 390 1.5
336 445 1.5
312 454 1.5
349 452 1
339 465 1.5
300 468 1.5
308 434 1
341 355 1
306 441 1.5
332 382 1.5
304 460 2
301 377 1.5
337 452 1
302 366 1
347 390 1.5
301 459 2
336 431 2
334 445 2
311 375 1.5
308 372 2
333 408 1.5
307 378 2
321 387 1
302 390 1
338 427 1.5
330 366 1.5
331 358 2
324 469 2
320 425 1
303 364 1.5
349 383 1
317 403 2
327 387 1.5
301 451 1
339 459 1.5
337 352 1
339 380 2
306 372 1.5
339 421 2
309 401 2
331 353 2
302 365 2
305 462 1.5
331 360 2
302 416 1.5
340 409 1.5
344 422 1.5
330 354 1
311 465 1.5
333 363 2
303 418 1.5
302 459 2
333 353 1
316 440 1
343 412 1
346 361 2
321 382 1.5
344 424 2
348 360 2
339 386 2
325 419 1.5
320 357 1
313 462 1
321 354 2
323 454 1
310 380 1.5
315 438 1.5
334 464 1
334 448 1.5
349 452 2
349 411 1.5
309 413 1.5
321 437 1
345 461 1
344 429 1
343 452 1.5
312 433 2
335 466 1
327 448 1
302 457 1.5
325 395 2
301 377 1.5
301 383 2
318 449 1
310 376 1
315 409 1.5
337 454 2
333 395 1
329 413 1
326 431 1
324 359 2
329 418 2
318 435 1
305 428 1
342 458 1
327 414 1.5
303 469 1.5
322 400 1.5
343 440 1.5
310 350 1
303 428 2
335 390 1
339 383 2
332 404 2
302 366 1
349 428 1
319 457 1.5
312 397 1
304 377 1
313 373 1.5
317 381 1.5
308 399 1
301 372 1.5
308 419 1
339 364 1
307 428 1
313 358 1
340 433 2
312 412 2
310 443 1
315 460 1.5
317 436 1
304 429 1
321 459 2
327 442 1
342 424 1.5
317 412 2
338 370 1.5
344 441 1.5
304 446 1
308 355 1.5
345 439 1.5
336 455 2
338 367 1.5
332 455 1
309 375 2
331 426 1
325 453 1
334 431 2
321 448 1.5
315 452 1.5
309 455 1.5
314 397 1
344 460 1
336 464 2
308 365 1.5
323 409 1
347 392 2
326 439 1.5
320 427 1.5
329 375 1.5
339 374 1
308 431 1.5
340 361 2
333 350 2
313 362 2
338 427 2
338 467 1
301 424 2
317 444 1
322 429 1.5
348 400 1
307 402 1
318 418 2
302 354 2
349 420 2
314 439 1
347 396 2
313 371 1
326 393 2
310 425 2
335 455 2
348 381 2
303 389 2
344 468 1
344 399 2
313 399 1
325 425 1.5
326 462 2
304 425 1
343 372 1
315 366 1
304 421 2
330 438 1.5
326 352 1.5
306 438 1.5
333 362 2
303 400 1
321 374 1
318 458 1
334 360 1.5
341 424 2
320 393 1.5
306 447 1
320 408 1.5
345 367 2
315 392 2
326 381 1
334 443 1.5
328 454 1.5
300 451 1
305 397 1.5
346 416 1
323 432 1
312 363 1.5
349 392 1
318 415 1
343 381 1.5
332 354 2
347 402 1.5
337 402 1.5
307 373 1.5
311 429 1
307 450 1.5
327 448 1.5
301 409 1
338 449 2
318 382 1.5
333 360 1
309 457 1.5
328 464 1
348 439 2
342 417 1
304 441 1.5
339 379 1
316 400 1.5
301 462 1
343 374 2
311 468 1
312 430 1.5
338 373 1.5
310 383 2
302 397 2
304 423 1.5
338 371 1.5
340 415 2
319 394 2
322 401 2
333 368 2
306 368 1
300 468 1
306 385 2
323 384 1
300 357 1.5
333 451 2
342 449 1
337 388 1
343 421 2
330 451 2
311 430 1.5
309 433 1
348 424 1.5
316 437 1.5
346 355 2
324 469 1.5
316 384 2
332 367 1
346 366 1
331 429 1.5
304 466 1.5
316 402 1.5
347 440 1.5
328 361 1
310 466 2
333 369 1.5
328 404 1.5
336 365 1.5
319 465 1.5
344 447 1.5
300 417 2
310 394 1.5
320 469 1.5
310 385 1
345 365 1.5
306 368 1.5
328 350 2
322 406 1.5
347 388 1
315 373 1.5
325 463 1
328 428 1
312 465 1.5
303 423 1
339 455 1.5
300 462 1.5
315 452 2
311 407 1.5
307 409 1.5
331 385 1
337 421 2
349 353 1.5
304 391 2
300 402 2
344 364 2
313 443 1
301 435 2
342 445 2
302 374 2
328 428 1
308 373 1
334 438 1
341 463 1.5
308 441 1
310 351 1.5
305 444 1
319 369 1
326 464 1.5
306 455 1.5
302 464 1
304 397 1
329 405 1
308 450 1
329 445 2
347 431 1
342 459 2
308 397 1
345 355 1
304 395 1
338 374 1
340 392 2
323 397 2
333 369 2
344 395 1.5
310 404 2
311 402 1.5
303 452 1
306 462 2
346 403 1.5
337 394 1
300 362 1
308 359 1.5
318 448 1.5
339 373 1.5
316 423 1
331 405 1
344 359 1
332 415 2
308 353 1
301 403 1
337 417 2
333 354 1
301 362 1
308 406 1
308 411 2
315 364 2
305 415 2
315 453 2
338 409 1.5
335 462 2
316 405 1
318 417 1.5
328 414 1.5
334 387 2
334 442 1
348 386 1.5
307 353 1.5
317 378 1.5
315 420 1.5
321 369 1
323 424 1
340 410 2
309 391 1.5
303 386 2
307 357 1.5
338 415 1.5
325 352 1.5
336 415 1.5
339 439 2
318 458 1.5
335 360 1.5
313 390 1.5
348 466 2
334 456 2
308 403 1.5
342 450 1.5
324 360 1.5
324 412 2
340 424 2
321 407 1.5
348 402 1.5
318 360 1
309 368 1
302 424 2
322 361 1
335 434 1.5
343 409 2
307 352 1.5
343 399 1.5
307 353 2
332 378 1
329 428 1.5
315 459 1.5
332 442 1
309 447 2
335 405 2
306 428 1
324 394 2
306 431 1.5
310 362 1.5
316 461 1
311 366 1.5
317 445 2
303 356 2
308 407 2
323 367 2
339 378 2
306 360 1.5
306 373 1
349 436 2
335 419 1
308 455 1.5
333 465 1
336 403 1.5
300 457 2
347 444 1.5
344 404 1.5
308 431 1.5
303 356 2
341 407 1
346 468 2
324 445 2
300 362 2
314 382 1.5
319 442 2
310 374 1
307 430 2
305 451 1.5
341 363 1
320 364 1.5
331 373 1.5
345 437 1.5
334 356 1.5
339 403 1
343 445 2
315 434 1.5
319 451 1
305 383 1
320 468 2
300 403 1
302 391 1
331 375 1
322 419 1
314 389 1.5
305 459 1.5
336 438 1.5
348 366 1.5
342 357 2
316 450 1
338 423 1.5
349 443 2
323 433 1.5
339 456 1
307 406 1
302 427 2
332 415 1.5
322 453 1
317 357 2
311 406 1
341 388 2
337 374 1
316 398 1.5
328 419 1.5
302 453 2
337 437 1
315 421 1.5
331 429 1.5
338 410 2
308 380 1.5
320 361 2
346 437 2
306 455 1.5
326 417 1.5
349 459 1.5
344 404 1.5
346 464 1.5
301 396 1.5
303 428 1
337 376 1.5
308 448 1
310 382 1.5
300 431 1.5
340 367 1
314 439 2
340 445 1.5
306 384 2
306 415 2
331 420 1
340 369 2
312 442 2
325 361 1.5
330 378 1.5
348 425 2
302 381 1.5
346 376 2
343 377 1
337 379 1
347 427 1.5
340 457 2
321 380 2
325 435 1.5
324 450 1
311 428 1.5
332 366 1.5
301 457 1
315 444 1
314 425 2
345 420 2
322 442 2
308 393 2
329 406 1
340 371 2
327 399 2
302 428 1.5
335 410 1
329 458 1
301 462 1
336 420 2
330 397 1.5
304 417 1
333 372 1
346 440 1.5
329 397 1.5
328 466 2
318 461 2
330 426 2
339 398 1
343 425 1
314 421 2
313 363 1
315 400 1
310 398 2
315 430 1.5
329 355 2
306 372 2
333 354 1
342 462 2
324 464 2
346 382 1
319 399 1.5
326 446 1
319 414 1
308 384 1.5
320 456 1.5
328 419 1
347 432 2
316 445 1
307 378 1.5
312 397 2
311 402 2
312 361 1.5
316 424 1
307 441 1
328 368 1.5
345 382 2
336 412 1.5
310 438 2
311 352 1
307 466 2
300 411 1
321 444 1
317 422 1
325 429 1.5
310 384 1
332 428 1
313 355 2
345 469 1
327 394 2
339 430 1.5
344 447 2
312 364 1
334 392 1.5
347 360 2
318 404 1
335 442 2
336 396 1
339 366 1.5
348 406 1
332 448 2
339 432 2
322 418 1.5
312 418 2
323 385 1.5
307 407 1.5
313 374 1.5
337 413 1
326 462 1.5
332 441 1
321 402 1.5
349 465 2
300 392 2
324 433 2
300 445 2
348 357 1
306 370 2
318 391 1
323 367 2
337 396 2
311 389 1
306 384 2
334 461 1.5
344 419 1
340 373 1.5
335 417 2
339 378 1
340 434 1.5
319 449 2
335 426 1
343 358 1.5
315 399 1
322 398 1
314 377 1
338 394 1
348 350 1
305 410 2
340 350 2
310 448 2
343 351 1.5
334 455 2
343 383 2
323 460 1
345 461 2
347 443 2
313 433 2
337 383 1
317 375 1.5
333 463 1.5
306 452 1
343 434 1.5
320 423 1
343 390 1.5
308 417 2
306 381 1
335 355 1
325 433 1
328 467 2
325 413 2
334 390 1.5
306 432 1
336 396 1
349 374 1
315 352 2
311 354 1.5
316 381 2
303 430 1.5
303 434 1
327 382 1.5
330 419 2
316 379 1.5
325 369 2
329 469 1
300 374 1.5
319 432 2
306 417 1
334 366 1
308 465 1
316 442 1.5
322 364 2
312 368 1
327 393 1.5
302 380 1
315 396 2
347 426 2
332 354 1.5
310 461 1
328 351 1
334 407 1.5
315 424 2
331 400 1
308 445 1
305 453 1
312 414 2
327 389 2
319 465 1
307 392 1.5
303 450 1.5
307 376 1
338 461 2
344 358 2
307 448 1
329 420 2
305 408 2
337 455 1.5
339 455 1
342 357 2
301 359 1.5
340 428 1.5
339 390 1
328 449 2
306 416 2
324 417 1
347 466 2
316 391 1
308 424 1.5
324 384 1.5
312 467 2
345 392 1
315 447 1.5
332 451 1.5
337 407 1
347 426 1
300 452 2
328 414 2
336 361 1.5
328 358 1.5
340 431 1
322 369 1.5
327 397 1.5
326 450 1.5
313 428 1
336 453 1.5
330 391 1
319 372 2
311 452 1
311 398 2
344 447 1
301 440 2
322 445 2
320 359 2
325 353 1
302 386 1
307 369 2
320 457 1.5
300 400 1
322 437 1.5
338 404 2
334 392 1
343 432 1
320 396 1
345 350 1.5
313 358 2
345 411 1.5
335 454 1.5
324 371 1
319 360 2
333 401 1
328 434 1
326 379 1.5
313 360 1
301 408 2
303 431 2
343 399 1.5
312 412 2
347 365 2
304 399 1
300 450 1
311 396 1.5
301 373 1
331 410 1.5
328 359 1
333 371 1.5
341 441 1
339 357 1
335 376 1
303 398 2
337 458 1.5
319 450 1.5
310 356 1.5
345 450 2
338 365 2
334 373 1.5
339 372 2
303 411 1.5
335 369 2
345 416 1
313 428 2
312 447 1.5
318 353 1
313 468 1
337 357 2
344 401 1
327 383 1
310 371 1
345 386 1
306 368 2
346 359 2
343 430 2
345 420 1.5
321 436 1
308 356 1.5
348 453 2
304 438 2
331 355 1.5
317 351 2
307 355 2
318 361 1
341 393 1.5
341 435 1.5
312 366 2
301 364 1.5
323 394 2
342 362 1.5
304 435 1
346 392 2
313 386 1
302 379 2
318 353 2
307 359 2
318 420 1.5
328 435 1.5
303 458 2
333 354 1.5
344 437 2
340 367 2
304 439 1
302 351 1.5
331 360 2
337 416 2
347 463 1.5
324 458 1.5
330 378 1
301 435 1
319 373 2
337 377 1
307 420 1.5
342 413 2
336 378 2
349 447 2
325 395 2
349 372 1
323 351 1
323 402 1.5
311 361 1
315 468 1
334 376 1.5
344 352 2
310 426 2
345 440 1
329 380 1
321 451 1
344 360 2
304 410 2
314 390 1
302 358 2
324 434 1.5
334 466 2
345 377 1.5
303 407 1
328 396 1
318 409 2
341 416 2
312 360 1.5
319 351 1.5
348 439 2
348 430 2
317 353 1.5
327 374 1
338 442 1.5
346 401 1
302 412 1.5
312 467 1.5
347 418 1.5
326 408 1.5
349 393 2
349 374 2
309 367 1
344 448 1.5
305 377 1.5
330 448 1
337 354 1
325 430 1
331 437 2
300 441 2
337 428 2
346 364 2
306 466 1
328 392 1
327 385 2
308 350 2
319 380 2
341 358 1
304 362 2
323 405 2
313 377 1.5
325 447 1
338 465 1.5
332 350 2
341 373 2
302 428 1
346 469 1.5
303 407 1
308 403 2
324 455 1.5
301 460 1
304 420 1
329 364 2
317 463 2
301 434 2
349 359 1
301 435 1
306 417 2
345 424 2
303 455 1
324 369 1.5
338 432 1.5
325 370 2
330 454 1
303 387 2
319 447 1.5
316 362 1
348 394 2
348 467 1
311 396 2
338 356 1.5
309 424 1.5
344 360 1
304 438 1
332 445 1.5
343 418 1
344 434 1.5
339 456 2
316 425 2
339 419 2
322 422 2
334 397 1
344 413 2
339 452 2
301 459 1.5
303 410 2
310 448 1.5
314 382 2
309 445 2
307 362 2
310 364 1.5
306 369 2
335 419 1.5
337 351 1.5
334 404 1
323 451 1.5
311 369 1
306 350 1
331 427 2
304 454 1.5
324 391 1
314 461 2
338 458 1.5
339 370 1
310 444 2
317 358 1.5
346 382 1.5
336 418 1.5
327 459 1
325 425 1
325 433 1
340 422 2
303 428 1
311 394 2
333 410 1.5
347 378 2
301 350 1
314 469 1
315 451 2
332 414 1.5
301 429 2
328 373 2
332 444 1.5
326 408 1
306 396 1.5
305 355 1
310 442 1.5
327 438 1.5
300 447 2
303 374 1.5
346 433 1.5
333 441 1
322 381 2
348 439 1.5
339 445 1.5
328 427 1.5
339 404 1
341 447 2
309 421 1
309 429 1
324 441 2
327 417 1
311 432 1.5
317 430 1.5
333 399 1.5
307 397 1
339 442 1
337 426 1
331 385 1.5
326 455 1.5
305 368 1
308 463 1.5
341 449 2
344 381 1
342 442 2
303 406 1
301 398 1
340 375 1.5
330 401 1.5
344 463 2
305 411 2
336 368 1.5
318 465 2
307 389 1
342 393 1
320 465 1.5
332 426 2
305 355 1.5
308 368 2
322 401 2
348 408 1
325 462 1
312 373 1
311 417 1
309 351 1.5
315 375 1.5
312 402 1
334 386 2
306 463 2
317 350 1.5
322 388 1.5
318 363 2
329 467 1.5
321 401 1.5
313 457 1
311 468 1
334 457 1
302 370 1.5
314 355 1
310 373 1
324 352 2
322 353 1.5
321 368 1.5
337 374 1
317 386 1.5
309 439 1
330 456 2
310 404 1.5
305 365 2
338 447 1.5
321 391 1.5
332 435 1.5
325 457 1.5
328 411 1
317 401 1.5
316 371 2
320 366 1.5
304 361 1.5
341 369 2
338 363 2
309 379 1.5
345 396 1.5
323 418 1.5
306 445 1.5
337 433 2
302 382 1
340 459 1.5
312 422 1
338 398 2
342 379 1
304 414 1
348 376 1
336 449 2
347 370 2
305 385 1
338 389 2
328 416 1.5
334 407 1
301 366 1
347 439 1.5
301 371 2
343 416 2
325 413 1
309 400 1
310 370 1
348 453 2
313 425 1.5
332 430 1.5
334 376 1
334 377 1
314 381 1.5
335 451 2
318 431 1
340 371 1.5
311 429 2
309 409 1
337 404 2
325 406 1.5
346 409 1.5
333 457 1.5
303 404 2
340 421 1
329 378 2
320 435 1.5
311 350 1.5
310 351 2
300 434 1.5
325 444 2
349 397 1.5
303 434 1.5
304 394 1
342 419 2
309 467 1.5
329 381 1
312 426 2
317 422 1
318 432 1
302 420 1.5
312 368 2
326 378 1
303 426 1.5
309 435 1.5
337 419 2
313 367 1
338 436 2
308 365 1.5
334 405 1
303 444 2
313 355 1.5
316 465 1
328 460 1
310 448 1
320 397 1
310 407 1.5
329 455 2
323 382 2
316 387 1
304 414 1.5
345 437 1.5
314 423 2
347 465 2
328 456 1
340 457 1.5
314 402 1.5
330 391 2
339 387 2
338 414 1.5
309 449 1.5
313 429 1
341 418 1
331 386 2
305 402 2
332 399 1.5
346 407 1
313 469 1
301 443 1.5
344 400 1
323 377 2
321 362 1.5
345 365 1.5
327 428 1
302 388 1.5
307 356 1
340 418 1
307 418 1
341 447 1.5
321 427 1
302 461 1
346 367 1.5
317 364 2
301 435 2
300 447 1
326 350 1
325 415 2
335 378 2
307 442 1
337 389 1
345 382 2
347 392 1.5
321 452 1
318 351 1.5
318 394 1
317 439 2
340 460 1
333 410 2
304 433 1
321 446 2
319 441 1.5
333 446 1.5
338 402 2
337 372 2
340 466 2
326 382 1
329 368 2
301 397 2
337 363 2
320 391 2
345 438 2
320 383 1.5
322 367 1
331 384 2
302 356 1.5
342 461 2
306 371 2
301 469 1.5
306 462 2
344 425 1
309 441 2
304 441 2
331 397 2
314 416 1.5
331 381 1
333 426 1.5
303 388 1.5
341 458 1.5
322 353 2
322 441 1.5
302 430 2
347 459 1
339 360 1.5
345 392 1.5
303 450 2
326 425 2
300 465 2
333 354 1
332 386 1.5
333 354 1.5
344 453 1
318 423 1.5
308 418 1.5
315 424 1
302 407 1
307 457 2
300 357 1.5
342 368 1
330 378 1
330 418 2
319 373 2
322 399 2
309 406 2
324 353 2
347 424 2
303 403 1
318 432 1.5
311 433 1
320 419 1.5
345 361 1.5
324 419 2
315 450 1
301 373 2
300 440 2
302 381 2
303 380 1
342 401 1
344 357 2
307 458 1.5
349 370 1.5
345 398 1.5
328 430 1.5
342 359 1.5
338 381 1
349 435 1
340 456 2
334 423 1.5
339 446 1
339 376 2
347 416 2
308 379 1.5
340 460 2
346 414 1.5
305 365 1.5
308 437 1
327 414 1.5
301 398 2
316 377 2
304 362 1
307 434 1
334 397 1.5
308 353 1.5
316 425 1.5
301 442 1.5
313 430 2
344 452 1.5
328 356 2
319 401 1
307 405 2
340 438 2
331 409 1.5
332 381 1.5
305 467 1.5
327 375 2
308 435 1
344 407 2
305 461 2
317 457 1.5
316 387 1
300 375 1
311 413 2
312 384 1
333 453 1
343 431 2
312 384 2
313 394 2
300 468 1.5
330 456 1
305 395 1
339 378 2
335 359 2
336 388 2
327 410 1
346 385 1
312 414 1
322 369 1
324 382 1
318 441 1
307 464 1.5
341 467 1.5
309 469 1.5
330 382 1.5
315 353 1.5
348 423 1.5
316 410 1.5
323 434 1.5
315 449 1.5
302 358 1.5
337 464 1
310 416 2
322 441 1.5
316 465 1
336 443 1
331 385 1
349 428 1.5
334 384 2
338 382 1.5
332 463 1
305 442 2
331 424 2
304 370 2
319 433 1
303 407 1
308 387 2
348 395 2
340 467 1.5
343 376 1.5
315 452 2
345 350 1.5
302 398 1.5
315 447 1
308 469 1.5
335 424 1.5
319 397 1
342 407 2
328 437 1.5
312 431 2
324 382 1.5
313 380 2
345 376 2
341 439 1
335 385 1.5
342 367 1.5
300 383 1
300 395 1.5
314 390 1.5
343 354 2
332 430 2
300 425 1.5
331 445 2
300 419 1
327 356 2
347 373 1
336 462 1
303 443 2
326 355 2
347 378 2
331 405 2
338 356 1.5
320 437 2
313 408 1.5
324 440 2
315 392 1
306 368 2
336 355 1
302 393 1
305 412 1
347 462 1
340 416 1
347 398 2
340 452 1.5
327 434 1.5
332 413 1
306 376 2
319 458 1.5
304 460 1
336 445 1
324 377 1
319 383 1
336 449 1
333 391 1
336 463 1
348 412 1
331 351 1.5
300 366 2
346 370 1
331 352 1
348 461 1
327 452 2
327 380 1.5
337 429 2
348 368 1
338 429 1
337 366 1
306 458 1
300 426 1
310 380 1.5
344 382 1.5
320 461 2
326 462 1
344 403 1.5
321 445 2
349 377 1.5
329 355 2
319 435 2
329 467 1.5
340 396 1
332 372 1.5
336 432 2
323 357 1.5
338 378 1.5
332 370 2
340 447 2
315 452 2
345 456 1.5
335 355 1
336 410 1
319 448 1
319 393 2
331 426 1.5
317 413 1
329 363 2
338 400 2
343 453 1.5
335 375 1
301 426 1
332 466 1.5
325 374 1
326 441 1.5
326 459 2
304 367 1.5
341 422 1
325 367 2
348 435 1
324 446 1
303 363 1.5
336 431 1
320 358 1.5
335 397 2
337 366 1.5
300 427 1.5
325 408 1.5
334 467 2
301 457 2
336 370 1
339 428 2
310 457 2
343 468 1.5
315 463 2
343 404 1
307 443 1.5
338 363 2
332 359 1
301 382 2
348 427 1
340 364 1.5
328 388 1.5
340 437 1.5
349 430 1.5
311 385 2
336 462 1
341 383 2
338 425 1
321 442 2
336 405 1
326 376 2
337 466 2
332 440 2
327 415 2
334 377 1
318 385 1.5
310 468 1
337 427 1.5
302 443 2
303 405 1
334 426 2
336 420 2
302 390 1.5
349 380 1
300 438 1.5
336 381 1
306 400 1
335 395 1
347 410 1
322 448 1
304 467 1
310 459 2
304 435 1
343 435 1
307 376 2
302 423 1
335 370 1
302 407 1
315 443 2
325 431 1
307 466 1.5
330 354 2
334 376 1
320 410 2
337 449 1
345 466 1
347 387 1
344 452 1.5
321 401 1.5
309 365 2
303 409 2
323 455 1
338 356 2
327 360 2
322 378 1.5
303 407 1
333 403 2
347 454 1.5
342 350 1
302 397 2
336 380 1
305 435 1.5
301 412 1
341 461 1.5
340 375 1.5
336 353 2
317 378 1.5
331 415 1
321 465 1.5
347 414 2
337 429 1.5
327 419 2
313 372 2
315 395 2
346 368 2
343 379 2
335 361 1
310 441 2
302 457 1
348 408 1.5
303 365 2
349 414 1
302 370 1.5
346 421 1
305 433 2
340 369 1
313 449 1.5
337 390 1
338 454 2
343 454 1.5
332 396 1.5
313 420 1.5
340 434 2
306 460 1
341 403 1
305 454 1.5
300 380 2
300 438 2
310 452 2
323 408 1.5
347 417 1
328 433 2
349 368 1
349 400 1.5
331 443 1.5
347 411 2
304 377 1
318 459 1
314 436 2
322 455 1
313 416 2
320 428 1.5
345 458 2
300 414 2
327 427 1
342 433 2
323 389 2
300 363 1.5
317 392 1.5
327 466 1.5
304 351 1
342 373 2
313 406 1.5
308 390 1.5
328 401 2
343 358 1.5
313 457 1.5
342 440 1
319 405 2
339 460 2
349 428 1
300 367 1
301 371 1.5
321 412 2
312 417 1
341 358 1
339 416 2
319 418 1.5
343 354 1.5
313 410 1.5
330 354 1
310 400 2
302 369 1.5
322 417 1.5
319 403 1.5
306 457 2
303 418 2
333 434 1.5
310 432 1.5
343 436 2
309 394 2
302 403 1
335 444 1.5
336 460 1.5
332 440 1.5
333 382 1
334 377 1.5
330 466 2
325 413 2
301 454 2
336 371 1.5
338 382 2
320 412 1.5
317 438 1.5
311 382 1.5
328 441 2
304 364 1.5
318 422 1.5
308 462 2
322 386 2
326 460 1.5
308 451 2
330 395 2
328 418 1
341 408 1
312 376 1.5
329 438 2
341 364 2
343 366 1.5
317 450 1
339 420 2
331 383 1.5
313 388 1.5
313 369 2
338 411 2
337 431 1.5
341 435 1.5
326 368 1.5
316 399 1.5
324 395 1
314 414 2
306 361 1.5
311 410 1
312 363 1.5
314 365 1.5
319 392 1.5
344 419 1.5
346 457 1
317 431 1.5
318 369 1.5
343 417 1.5
319 354 1.5
301 455 1.5
309 386 1.5
349 431 1.5
320 354 1.5
304 390 2
308 387 1
309 367 2
346 386 1.5
331 464 1
330 377 1.5
306 439 2
327 442 2
314 436 1
326 451 1
306 380 1
306 383 1
349 379 1.5
344 353 1
343 451 1
308 424 1.5
335 411 1
314 392 1
325 466 1
320 440 1
316 354 1.5
319 426 1
329 429 1.5
330 362 2
335 352 1
310 399 1.5
343 355 2
309 359 1
327 381 1
316 440 1
324 448 2
321 350 1.5
324 422 1.5
300 390 1
326 415 2
329 428 1.5
326 365 1
305 403 2
329 461 2
341 460 2
308 380 2
343 418 1
318 427 1
311 361 1
318 386 1.5
347 402 2
328 433 1.5
326 429 2
325 466 1
326 392 2
340 367 1
321 408 1
340 411 1.5
340 441 1.5
341 437 1
316 421 1
316 464 1.5
333 423 2
306 381 1.5
300 358 2
320 439 1.5
349 423 1
338 379 1
340 444 2
303 452 1.5
325 451 1.5
315 412 1.5
304 395 2
328 358 1
329 375 1.5
309 423 1
340 396 1.5
339 462 1
303 390 1
340 382 1
301 442 1.5
340 386 1
312 371 1.5
305 462 2
310 365 1.5
313 443 2
327 464 1.5
347 425 1
302 352 1
328 359 1
331 466 1
323 361 2
317 382 1
310 439 2
324 386 2
315 367 1
322 452 2
317 403 1.5
348 450 1.5
320 378 2
332 457 1.5
342 382 2
313 390 2
317 365 2
320 401 1
340 455 2
332 412 1
311 362 2
337 454 1.5
346 350 1.5
318 399 1.5
341 403 1.5
339 374 1.5
341 368 1
329 464 2
310 460 1.5
305 405 2
303 376 2
301 421 1.5
324 421 1.5
346 456 1
328 358 1
305 436 2
330 437 1.5
345 388 1
319 354 1.5
311 450 1
312 445 1.5
341 377 2
311 389 1.5
338 459 1.5
335 420 2
336 442 1.5
334 412 1
303 459 1
346 462 1.5
337 389 1.5
338 380 1
317 373 2
309 396 1.5
306 436 1
338 394 1.5
348 382 2
347 444 1.5
320 437 2
321 381 1.5
333 374 1
320 377 1
314 409 1.5
300 455 1
313 368 1
337 398 2
311 366 1.5
327 414 1
325 422 2
310 466 1
334 429 1
320 402 2
313 372 2
314 429 1.5
332 378 2
332 455 1
323 350 1
326 377 1
312 405 2
320 406 2
324 351 2
346 450 2
316 375 2
327 439 1
320 422 2
321 420 2
326 438 1.5
328 389 1.5
304 352 1.5
347 413 1
340 380 2
315 350 2
343 387 1.5
307 435 1
333 405 1.5
319 434 1.5
345 365 1.5
310 377 1.5
320 454 1.5
326 457 2
311 406 1.5
341 461 2
349 408 2
329 410 1.5
327 373 2
337 414 1
310 441 1.5
342 458 1.5
349 466 1.5
330 386 1
339 461 2
305 418 1
329 350 1
317 397 1.5
314 425 2
300 353 1.5
339 454 1
348 411 2
321 392 1
343 443 1.5
317 439 1
311 416 2
320 426 1
329 396 2
337 414 1
315 454 1.5
338 454 1.5
342 466 2
341 415 1
325 397 1
338 373 1
333 373 1
316 437 2
311 366 2
307 378 1.5
307 468 2
336 415 1
307 390 1.5
328 442 2
316 350 2
310 462 2
304 456 1
315 396 2
324 449 2
337 443 1
346 372 1.5
340 424 1.5
343 359 1
301 468 1
343 424 1
331 457 2
323 369 1.5
332 390 1.5
312 466 1
332 425 1.5
322 371 1
300 435 1.5
324 352 1.5
310 424 1
326 382 2
335 366 1
337 458 1
339 411 2
315 365 1.5
331 415 2
316 456 1
340 376 1
343 439 1
320 462 2
316 382 1
341 413 1.5
333 381 2
338 385 1
307 371 2
314 458 2
309 434 2
306 453 1.5
330 428 2
334 357 2
325 466 1
320 429 2
301 421 1.5
313 381 1.5
347 376 2
333 412 2
345 351 1
337 446 1.5
306 411 1
332 460 2
322 466 1
332 369 1
330 464 2
339 355 1.5
345 382 2
303 405 1
307 369 2
347 415 2
331 378 1.5
315 388 2
307 459 2
316 430 1
338 368 2
342 415 1
310 391 2
323 447 1.5
333 398 2
330 401 1.5
344 377 1.5
308 399 1
346 407 1
346 426 1
315 469 1.5
348 375 1.5
346 400 1
312 466 1.5
336 360 1
332 422 2
305 441 1.5
306 378 1.5
349 353 2
346 375 1
349 374 1
325 415 2
308 397 1
303 423 1.5
318 389 1
334 419 1.5
325 379 1.5
347 435 1
347 419 2
340 444 2
328 384 2
315 388 1.5
315 435 1.5
308 441 1.5
343 359 1.5
331 395 1
308 351 1
302 377 1
323 380 1
327 355 1.5
310 468 2
329 452 1
347 385 2
319 363 1.5
347 466 1.5
334 448 2
302 392 2
303 443 1.5
311 410 1
337 356 1
330 432 1.5
323 412 1
333 432 2
341 418 1
315 370 1.5
315 427 2
346 353 2
315 361 1.5
306 384 1
321 463 1.5
315 380 1
310 402 1.5
317 390 1.5
303 369 1
336 432 1
304 389 2
310 381 2
309 379 1
324 412 1.5
309 387 2
326 391 2
342 445 2
346 440 1
322 382 1.5
347 381 2
307 455 1
307 416 1
337 388 2
320 427 1
323 435 2
347 442 1.5
323 431 1.5
339 394 1
333 438 1.5
326 426 1
310 390 1.5
309 397 2
336 388 1.5
337 391 1.5
328 354 1.5
348 403 2
345 377 1.5
332 388 1.5
305 394 1
313 373 2
348 419 1
315 459 2
345 362 1.5
320 406 2
319 390 1.5
322 453 2
309 378 2
324 366 1.5
302 414 1.5
316 376 1.5
319 464 1
302 445 1.5
334 432 1
303 413 1.5
306 456 1.5
326 422 1
327 426 2
332 388 2
314 412 1
338 360 1
303 412 2
318 412 2
342 429 1
341 446 1.5
337 393 1.5
302 379 1.5
348 410 1
341 453 1.5
316 443 1
323 357 1
327 353 1.5
311 457 1.5
332 463 1
312 452 2
341 406 1
341 353 1.5
300 457 1
300 357 1.5
310 423 1.5
344 371 1
308 456 2
337 444 1.5
321 375 1.5
336 410 2
339 413 1.5
336 382 2
344 457 2
324 414 1.5
339 460 1
315 448 1
306 365 1.5
321 367 2
320 448 1.5
319 464 1.5
340 421 1.5
301 454 1.5
321 375 1
334 401 2
337 461 1
315 401 1.5
322 443 2
348 365 1.5
303 454 2
329 448 2
320 417 1.5
338 416 1.5
347 417 1.5
345 359 1
335 396 1.5
317 439 2
315 394 1.5
301 435 1.5
313 443 1
333 449 1.5
335 368 1
314 419 1.5
322 362 1
316 399 1
312 355 1.5
303 463 1.5
341 469 1.5
332 407 2
343 377 1
338 417 1.5
336 399 2
348 406 1
327 402 1.5
312 466 1.5
319 429 2
337 407 1.5
337 367 1
331 452 2
349 351 1.5
308 411 1.5
342 352 2
348 365 2
323 431 1
325 380 1.5
349 443 1
301 365 1.5
318 407 1
349 457 2
326 376 1
336 394 1.5
323 429 1
300 404 2
334 386 1
323 432 1.5
344 388 1
301 384 1
302 353 1.5
322 444 2
349 468 1.5
308 424 2
