2202
279494 7556101
303930 7577818
349602 7610242
357436 7496964
332017 7625568
252023 7533310
445783 7560654
416478 7537006
249827 7434288
351141 7421243
239737 7492032
334309 7638730
258412 7627100
269491 7383535
230206 7563316
247350 7377580
428139 7554038
218704 7373684
384358 7405725
321943 7544192
341510 7593331
353753 7418502
351881 7646747
267059 7519345
366488 7637754
422774 7498233
293561 7527525
392586 7513030
445122 7410166
418361 7493729
298814 7381219
415387 7503268
397631 7583450
325322 7636334
223373 7587897
332043 7409532
439960 7401010
277536 7636019
445933 7393488
434788 7568984
442259 7463529
382810 7505466
432093 7554461
233027 7595084
342506 7455115
217448 7649961
276269 7494143
261789 7477610
242242 7444997
332807 7455362
329905 7448602
386755 7512846
269974 7641980
413192 7625849
229162 7391155
349429 7630868
438029 7442753
307212 7405273
312618 7443926
403022 7438531
346190 7460005
264539 7533164
302545 7570308
426258 7646480
392379 7494968
266243 7393196
353175 7566013
361930 7449390
438645 7440876
339701 7495388
444649 7646027
317176 7387625
253637 7578261
347386 7484442
423208 7390626
294334 7415295
308498 7372115
432897 7549646
270289 7621732
361333 7466611
423671 7478501
307548 7537914
395777 7485035
388988 7494460
291689 7452214
361493 7479431
262847 7645403
259336 7601280
367898 7563374
279956 7578883
360427 7575611
214511 7479864
239751 7524898
311035 7525293
210746 7524371
224959 7618361
361819 7593811
272757 7530845
414467 7620469
330169 7652801
353957 7550553
273167 7405095
414095 7635846
213386 7424657
396557 7375529
337586 7548997
300897 7646132
449646 7565235
220855 7541937
350446 7389378
374544 7541987
441576 7538507
334175 7511182
383040 7597097
306252 7417345
253423 7576929
305188 7391102
246789 7435652
295701 7632927
410020 7596836
279562 7397058
323380 7488859
354521 7360621
268125 7504504
401627 7358177
352292 7433865
338672 7455490
403956 7599899
402218 7384073
329766 7435183
370011 7619458
327559 7473436
352284 7399298
445942 7564299
403563 7648805
407026 7420565
307904 7441708
264806 7396755
365784 7446991
242833 7516360
223024 7625496
332116 7628556
335793 7653513
217414 7553360
347517 7422293
435372 7364011
287296 7411374
361223 7405491
372632 7540690
307936 7508515
325311 7402188
328295 7380504
333121 7395434
325587 7400889
325021 7381272
328760 7399586
337760 7402716
328207 7390982
340464 7391752
322945 7388059
347075 7391238
324346 7397447
335775 7399276
336739 7383761
342790 7394643
322737 7386636
321034 7383281
333818 7399183
329100 7372480
333027 7389916
335235 7390264
348927 7397428
345428 7390888
321564 7385607
326289 7379396
325763 7374928
341971 7398783
323168 7385705
355601 7395152
320868 7394962
355802 7401479
330551 7388602
339368 7392730
318307 7390354
331271 7396356
330227 7396926
326161 7401764
339608 7397905
345032 7396083
350184 7393703
348780 7400743
342079 7391781
333311 7388967
335669 7386278
353468 7393762
340177 7396941
320350 7370760
333054 7391987
336780 7387677
332329 7395631
320332 7399223
334081 7391085
348763 7387612
332583 7394462
329136 7393531
333846 7400056
321446 7381272
327356 7375915
342989 7395993
334661 7391801
333353 7393456
329594 7391539
338362 7403004
321501 7402428
332961 7379326
346306 7390314
346797 7398631
332437 7395916
327091 7385753
333019 7395117
333350 7381931
341483 7388890
329968 7383170
349718 7397227
334901 7391187
347647 7400277
336567 7403240
327840 7389669
345077 7396830
349311 7398465
322702 7385018
329570 7391134
332939 7399697
332837 7385482
340586 7394834
330011 7403627
336487 7395820
341222 7389580
334100 7400795
331947 7395736
336682 7393930
329268 7389224
333646 7393066
324514 7391569
333667 7394367
333504 7389935
327537 7392636
328818 7396972
331744 7403192
352695 7396338
334958 7393291
331072 7381054
338262 7394242
337639 7385439
325729 7398060
338316 7404501
344591 7392745
323461 7389454
324466 7401988
337184 7395726
343604 7387898
336379 7405021
331427 7392548
329813 7382653
353687 7395927
336873 7405907
344415 7390245
353407 7398424
343258 7393467
339676 7394988
321014 7387150
322519 7410534
316315 7408130
320466 7385699
321021 7383575
344863 7394950
339888 7393959
352844 7398208
325676 7397712
347124 7396543
336780 7383596
346292 7395885
319224 7382281
335241 7395620
322560 7380889
350900 7386634
335775 7396116
331615 7393954
326914 7386453
348019 7393215
325286 7402652
344113 7394729
336192 7402532
330325 7396112
335728 7403309
328260 7386731
325905 7381671
321238 7400203
331227 7402983
330156 7392505
325825 7379709
330148 7388641
328815 7393146
340023 7389717
345726 7392800
353870 7396363
319671 7391065
330048 7384411
322294 7404916
334118 7399825
333084 7394422
328782 7391077
345543 7397658
351837 7389523
340216 7395345
327225 7391183
330160 7384436
326694 7393191
335632 7400797
330803 7401869
322257 7399297
328121 7378885
343533 7397582
319885 7379643
349593 7394415
336665 7389504
324226 7397481
329852 7393550
328629 7395995
329885 7400274
333971 7400637
346741 7401277
341516 7390099
318033 7374740
327717 7400322
347356 7395505
323108 7405341
348084 7395163
334029 7392689
340778 7393340
334772 7388136
333301 7389148
329781 7383681
333741 7389042
324540 7395352
322106 7386297
325244 7400962
333584 7395772
337904 7399729
345178 7396522
342449 7393069
325750 7371241
338808 7400515
329036 7401440
344066 7396857
332850 7386468
341410 7396208
331015 7383298
322276 7386166
332073 7389440
319738 7385037
323448 7406353
356565 7391008
336871 7384986
327144 7376738
327203 7402024
322280 7383367
331271 7392527
347204 7390990
327997 7401638
343650 7394365
325143 7385226
334398 7387780
327374 7396691
339704 7394354
330246 7380765
330726 7392834
334739 7376581
327757 7392036
339727 7399373
331799 7401098
323210 7387743
334126 7401812
327731 7395376
337161 7383656
357379 7397275
354470 7395872
326730 7382650
346452 7394415
333125 7401191
331880 7395136
330928 7393163
331172 7387068
324289 7388938
323447 7385424
323093 7382893
337477 7397864
323925 7397883
341532 7395862
318865 7384293
331383 7392965
351543 7393041
333904 7390193
341945 7389069
349145 7401492
321182 7406052
329266 7396430
328205 7402335
329395 7378683
322738 7391884
328274 7396404
346817 7398965
329940 7382590
413290 7579487
329782 7403211
333763 7394300
326063 7373132
317699 7380415
208306 7655478
326755 7399815
333001 7391433
321929 7401248
316867 7407298
320675 7387040
323209 7382235
346268 7393492
333178 7389389
349143 7388156
327760 7402224
320944 7389181
327012 7388421
350215 7401143
318558 7373761
327612 7377142
320736 7410166
330740 7388155
347609 7390323
341433 7388169
325872 7400226
343612 7389973
333016 7393467
332400 7388796
325239 7384518
325992 7395870
325401 7399358
334868 7391885
333654 7401798
332504 7389547
331488 7404933
329764 7386339
328407 7394183
337086 7384263
346586 7394130
329746 7370153
332418 7404181
339610 7405475
330523 7382564
331509 7396744
327029 7385890
324465 7363259
325964 7385363
330713 7395653
333757 7390817
328727 7401570
336390 7402176
345316 7393270
331549 7393507
318080 7379959
325388 7373712
348246 7388770
335462 7387755
329574 7386651
328659 7379055
331929 7388213
328692 7393555
333853 7401508
332533 7391538
322281 7399583
338357 7394643
333789 7387761
340497 7388886
336230 7404551
333749 7401123
346260 7396938
336083 7391600
328139 7384478
331101 7394398
335709 7390273
326638 7398020
348398 7399490
352964 7399827
347832 7395327
325249 7401399
338867 7393887
331754 7385508
325887 7395572
320804 7398284
347925 7392003
325976 7385901
330633 7399370
332953 7401808
332908 7400253
355745 7398187
337394 7391153
332793 7387146
317495 7390210
343195 7398549
326792 7378390
333557 7400164
336066 7401675
334258 7394821
338930 7402619
323953 7399415
332381 7380966
337658 7384404
334212 7392017
319535 7381187
334658 7399128
342593 7390376
320897 7392755
327388 7387765
332302 7391422
341650 7391104
328863 7389391
329427 7389760
327474 7380158
334205 7390919
329991 7388328
322508 7391411
324906 7401617
318662 7377852
329391 7391508
329388 7381452
322995 7396189
335676 7383159
332934 7387210
330926 7389692
326646 7389126
349878 7389201
328840 7371476
332848 7396901
330731 7388692
338188 7395199
329161 7382829
330911 7392305
334915 7397318
338493 7392700
340513 7397413
339672 7398961
344428 7392678
331243 7395388
339111 7395580
344273 7388349
332680 7397241
332272 7395145
333651 7387606
328285 7393514
331720 7389370
341028 7388654
339255 7400730
359612 7400066
347303 7388194
327838 7395408
327935 7380879
327344 7382066
347852 7397928
334381 7391674
327438 7392731
336697 7388284
321036 7409207
334361 7400660
338589 7390539
329206 7399675
340122 7394149
339852 7398022
354700 7389602
328512 7390487
331404 7391244
328119 7380215
354719 7396718
334594 7388598
318272 7379149
323155 7390385
338358 7391110
339004 7396911
349862 7392542
331990 7383319
347428 7399297
334238 7395448
326263 7397239
331835 7394990
322900 7401507
340154 7395702
322231 7386966
328860 7388843
343206 7390947
335134 7402029
317987 7383651
332688 7391612
331603 7379437
329786 7381090
332542 7387785
348049 7394453
333232 7389444
337454 7405715
326593 7385863
338335 7390779
334904 7386794
325017 7396250
340779 7391685
353226 7400412
322676 7385557
339363 7396207
325552 7395780
327721 7386462
330396 7389113
344083 7394044
338515 7388237
332282 7394648
327815 7396280
334779 7401890
348546 7399327
333275 7383392
330306 7386838
344025 7391455
359026 7401670
337983 7395630
329838 7393203
342666 7389095
348270 7389435
338060 7401255
323249 7396414
316873 7379774
328947 7379061
329862 7396523
359086 7402453
327032 7375334
335920 7396146
340510 7394262
359360 7399807
330124 7384522
327293 7382843
352304 7400977
318099 7381722
341541 7398963
350145 7401837
328357 7374235
339346 7391811
331285 7403114
325046 7373922
330007 7384093
329858 7396636
332313 7402950
334005 7390252
325359 7357814
352204 7395345
317815 7384304
349941 7399305
337114 7404234
327124 7394893
323346 7397414
333739 7402051
329027 7398200
331629 7392049
329299 7391023
332530 7394906
332332 7400291
332305 7384904
346248 7391773
340657 7392735
341658 7398873
338024 7392781
336559 7385492
352232 7399773
324882 7395619
325778 7392218
327378 7400338
320833 7379618
332901 7394866
338911 7393702
320862 7382375
325260 7395471
321591 7410122
342150 7395884
332482 7400546
356998 7394138
344020 7396362
349805 7402251
315481 7406654
334620 7396829
346462 7400610
343066 7397579
332617 7386811
325715 7392166
342297 7390003
324851 7400444
332351 7391914
337291 7395516
330712 7387106
340505 7396959
326662 7389471
344319 7394410
325610 7379783
327238 7403442
351836 7388150
350297 7399580
339364 7394920
324082 7388008
339561 7403192
348907 7389164
353005 7400793
343593 7389698
333693 7398865
327584 7388487
351091 7401549
338570 7401959
328982 7391395
321188 7386671
328124 7377417
349563 7396679
325140 7383021
337066 7397963
340411 7402059
327148 7382491
330976 7391811
335704 7382892
327446 7392271
337355 7392612
335231 7402089
332832 7389297
326266 7374990
322759 7405619
347515 7389106
357863 7402216
321074 7398887
328765 7395569
330618 7400589
321913 7388343
339222 7404787
332288 7395238
344440 7395375
334549 7399964
334676 7392247
323177 7365338
324304 7390204
324567 7383296
333066 7394123
341869 7398109
321514 7405914
328768 7389643
326815 7392549
342071 7396794
343573 7399012
331281 7394709
338821 7401414
341683 7391487
324279 7386111
320773 7394261
320937 7386061
326416 7386135
339373 7394633
336608 7399712
339937 7395154
332411 7389621
329953 7381514
333474 7388924
335612 7389546
332952 7380648
330571 7393126
331331 7398600
318622 7381947
328057 7374226
335264 7391405
331385 7401820
351395 7397538
336415 7386771
328669 7396476
334811 7385409
333045 7386790
316632 7380565
326557 7386887
329666 7395905
345918 7387593
319756 7392310
336228 7393851
331481 7384614
317619 7381129
318028 7382464
335536 7394710
323433 7405404
331694 7400428
320759 7401566
329030 7394164
334349 7401453
321352 7393905
326272 7372792
323089 7392002
332539 7395262
333431 7396256
332653 7382627
348083 7399521
317375 7373643
333739 7366491
318341 7373923
336436 7404604
334147 7386352
357497 7398428
341127 7393139
319121 7380002
323583 7389298
339009 7404431
330680 7396371
327604 7379824
332760 7358175
332580 7395141
332122 7396815
339718 7402156
321178 7380560
339487 7395162
340022 7396491
323357 7391403
325688 7376752
323672 7387057
354762 7394006
335420 7388151
338847 7403791
339364 7391235
329064 7385631
332723 7392544
330382 7389299
327869 7387791
328208 7387665
331078 7392951
328783 7395424
329349 7390921
325174 7396437
331335 7394253
328380 7392988
326077 7385566
334211 7391274
335854 7384228
326508 7396799
333724 7404901
327299 7388765
327636 7375741
321080 7391484
344750 7391040
318116 7389969
335239 7387797
323900 7403424
327201 7369776
333836 7402963
323153 7380347
320393 7391129
330675 7402298
324169 7396658
349141 7387378
319932 7382183
342606 7394695
322055 7394224
323877 7385152
321951 7410687
319629 7382960
327537 7372454
340392 7392112
330886 7388015
347754 7401147
335282 7390307
339851 7400830
332667 7384807
318796 7392029
346646 7399694
327565 7394214
344084 7398039
333977 7399855
330397 7388275
327987 7389401
328580 7392389
336833 7404471
354497 7398348
341006 7396840
322036 7380963
326091 7376597
333832 7392651
337189 7393527
327578 7379946
354548 7399649
320707 7379224
339815 7389469
335357 7389052
332314 7401604
341979 7396997
355157 7396667
342289 7392527
355690 7394223
321290 7395183
338477 7399933
339016 7396104
328789 7382389
322299 7390068
332961 7403430
340999 7389849
336055 7389617
328113 7402574
330274 7385334
337157 7404907
337797 7406258
324962 7401979
342482 7393504
335571 7392237
343898 7390723
328208 7400768
321079 7395371
347399 7393394
328046 7396952
230381 7482486
328056 7392842
346558 7395523
326457 7402091
336359 7405071
333303 7385311
330567 7383759
332191 7395708
348116 7390543
332257 7395531
334554 7399784
322466 7397149
332893 7391229
324431 7400443
333730 7400885
340179 7393005
329032 7396741
327529 7393213
323373 7397247
329835 7385602
356272 7396800
320688 7392116
337637 7395900
322646 7393898
336848 7402735
317002 7377965
326092 7400643
322808 7394310
327045 7401569
336219 7398080
328494 7389274
332669 7385107
323828 7396413
333461 7400271
341926 7397480
333900 7393359
325288 7384672
337102 7387057
343285 7395746
320773 7381977
330398 7392285
333037 7387540
332711 7395865
347364 7395986
338076 7392095
331105 7395347
344909 7390709
332445 7390593
330922 7393664
334641 7393958
334444 7392435
332822 7402399
339128 7393783
330616 7379382
330763 7405147
345712 7394306
343529 7392116
331876 7386957
338803 7401201
351419 7395843
338417 7401146
341628 7395411
345244 7389663
349511 7400056
334735 7392908
328840 7398037
327038 7376756
333925 7400171
350881 7396693
332112 7400236
336034 7390977
332496 7384615
336636 7386176
323211 7385986
326886 7383165
328752 7380062
326409 7373285
327415 7385448
348363 7395542
333625 7393363
329938 7398006
335042 7393219
327250 7396994
346038 7397716
335051 7389937
329873 7385457
336737 7400898
327385 7395537
330916 7394959
326970 7395073
322965 7405908
321108 7384345
338589 7398961
325799 7387478
347252 7396169
337223 7399441
344101 7392035
328644 7383836
339373 7397748
330249 7371851
331090 7392650
324686 7402907
327514 7368685
327401 7401917
337124 7387160
338635 7391206
333319 7403856
320093 7391703
330381 7403073
327176 7386546
337901 7399279
357204 7392185
348775 7401546
334607 7390683
319520 7390548
340171 7395001
334182 7387391
318037 7382104
330813 7404234
344666 7393918
327874 7400377
318701 7381058
332610 7394031
328042 7386416
329632 7390336
326954 7392977
339152 7396668
326735 7401510
327781 7390640
325792 7378646
335579 7399982
336393 7389933
336502 7404019
326460 7400989
338914 7389237
333259 7394721
330889 7378863
327357 7396813
328576 7403538
354936 7400810
318833 7407368
332804 7402551
347935 7399252
347740 7387486
324837 7390086
330766 7387213
338303 7399272
325475 7401961
339056 7402958
331777 7395314
330604 7399033
352174 7401610
326812 7382318
331374 7394053
321713 7380205
328136 7386733
332160 7391492
318377 7391644
324645 7399410
318494 7379394
332305 7388925
338939 7395366
347073 7399635
335186 7389026
357736 7400516
352828 7394411
333838 7389330
333152 7387978
339918 7401811
325192 7399580
320643 7399370
334606 7388690
321329 7393713
331916 7395105
328909 7384875
344200 7394486
319338 7379341
324725 7398753
329822 7401986
326258 7388287
338712 7391456
324657 7386269
328655 7404852
319137 7372229
325404 7405754
333647 7395680
321484 7409938
325838 7373348
328384 7395926
326630 7399361
345980 7387806
327498 7389539
322763 7411988
330949 7396021
329605 7400469
330353 7388063
334204 7396477
334920 7394791
328892 7379035
349263 7396770
344326 7396973
330292 7399846
326594 7384104
331440 7402859
342800 7389853
323409 7389705
319867 7410682
345160 7395458
319097 7389678
328299 7401112
335079 7402723
329699 7396649
344793 7395237
344112 7389568
325979 7394110
338352 7400037
333151 7394694
337557 7383953
337050 7387496
321694 7382041
326055 7402081
335773 7397417
332279 7393136
329544 7384652
356047 7398967
320733 7401711
324201 7407065
343511 7396062
332030 7405454
319272 7383165
322885 7399647
346021 7393859
326092 7397697
336230 7403956
327024 7371903
344799 7391743
326644 7404016
323609 7389860
329858 7389427
341586 7392440
332396 7396063
329928 7393794
330390 7404507
327832 7381755
335750 7400519
334271 7393614
320306 7386848
332787 7400452
337281 7398012
322536 7385943
329342 7390389
332658 7393762
321429 7378661
337269 7394153
325609 7391539
333331 7393349
341284 7393159
321557 7394787
325957 7383831
323823 7396856
322161 7367802
349269 7400079
332564 7394883
345598 7388312
328563 7396739
343114 7394883
342610 7398390
326580 7393086
335094 7406511
337883 7403955
321134 7401272
329331 7394846
331531 7384180
331159 7384651
330594 7388870
337767 7394917
334591 7397015
345014 7397560
336170 7395820
331818 7384383
333196 7403162
320670 7384949
318638 7376265
357181 7389219
332656 7377096
329478 7383968
325839 7379516
338167 7386424
328507 7371671
338495 7406199
332457 7390289
322971 7382099
337765 7392276
327062 7396868
339955 7390513
332658 7392891
331138 7401211
330881 7391804
332748 7394179
343556 7397287
319474 7399267
345016 7399295
337343 7406400
321656 7392194
340545 7389365
327126 7398855
330587 7403871
316291 7406063
323169 7391535
332211 7381265
324879 7389706
342468 7397524
327103 7385090
333662 7390739
327251 7395087
326363 7388380
326719 7379362
332342 7395740
342615 7397110
331151 7399096
327640 7386681
334675 7401618
347186 7394128
352634 7385058
338747 7401305
331733 7394094
334792 7402080
327197 7381678
355648 7400240
333822 7393740
346974 7393812
344992 7390675
347147 7396034
336670 7396274
329234 7370167
322804 7383996
333063 7395007
322460 7389330
329036 7386867
331394 7400358
329121 7396025
327533 7398609
325345 7406200
343150 7391628
326003 7396462
324856 7401220
331935 7396308
352530 7387921
327015 7394221
323159 7401026
339454 7407651
328439 7393656
320380 7386102
328234 7397267
331111 7396018
337644 7386542
342469 7399556
339454 7400370
341453 7389665
343052 7399050
321212 7409428
330753 7383012
327881 7405444
325016 7382846
324762 7370307
324720 7383137
328180 7386241
327970 7380986
321901 7385049
337356 7395522
333050 7399941
333176 7389578
329230 7403751
333874 7391569
334746 7393413
343571 7398175
341816 7394602
318790 7384719
348283 7395291
324545 7393230
331151 7397043
346616 7388314
336103 7388920
320984 7401960
344673 7400113
356071 7400822
329582 7379233
330981 7394171
322264 7400743
327791 7385589
339230 7392778
336186 7388814
352410 7386186
331325 7395145
321016 7379555
332423 7380456
332730 7391305
334460 7394342
331113 7403246
324621 7401092
336173 7383446
319942 7380830
329247 7387232
319758 7380923
339391 7403023
333050 7386486
332571 7393333
340051 7391923
330698 7392762
335672 7406064
320500 7401243
333493 7385459
333131 7393609
339924 7398783
327307 7396367
357700 7390475
356662 7400226
324258 7403620
318554 7378479
331470 7396120
327748 7384195
330726 7393940
344000 7395429
328876 7403243
334353 7388939
327360 7385158
327538 7396075
321803 7387924
337121 7387235
336883 7389866
329135 7404076
327503 7388116
331798 7394515
350548 7398325
320005 7391033
321167 7393416
346573 7396495
321470 7385052
332863 7382057
334542 7406213
318523 7391968
338194 7393512
336366 7387277
332371 7391519
321317 7387561
347740 7393667
336703 7393276
315877 7389891
328416 7388901
322648 7381425
330649 7382862
329313 7386655
325357 7371410
342075 7393504
316632 7389711
333654 7395909
331459 7381684
344074 7399187
331854 7386379
332344 7395773
326352 7402397
337585 7405793
359173 7399316
334712 7386623
331754 7385946
324691 7383956
333247 7391950
331931 7401588
349738 7399501
338595 7390973
336098 7393781
335367 7401203
345638 7395796
325537 7396250
327363 7403132
328119 7373235
335981 7400968
321787 7394102
321854 7400543
335855 7401284
343960 7396183
317431 7388562
350254 7400801
337188 7394818
342709 7391121
332068 7388390
349116 7390260
321603 7390266
343053 7393855
337572 7400246
345032 7389620
321390 7397986
331804 7397767
334511 7403046
320571 7394968
350963 7386466
332550 7397204
340356 7394388
334926 7392255
329254 7383365
326315 7373919
342202 7396404
346717 7395096
331572 7394140
338898 7402242
337322 7392832
332507 7383810
331167 7397594
322892 7382042
319658 7389279
331920 7403224
323519 7385965
330777 7393039
326262 7395251
343001 7393431
339593 7392509
331822 7393360
317383 7382563
340290 7395643
338618 7402308
336064 7398400
337329 7397878
326531 7384609
327614 7395673
332630 7394305
336037 7400188
338833 7392191
353451 7395130
332875 7379483
323356 7396223
337843 7390882
337697 7386465
325348 7406790
325570 7388192
337217 7395922
338522 7392653
344337 7397795
342484 7396774
334459 7388280
331696 7392655
330000 7378473
332655 7400944
329649 7395440
319952 7386043
331882 7379772
331913 7391837
345878 7399182
320245 7389503
327157 7404467
327337 7380528
324323 7387539
323159 7386668
340652 7395294
325897 7394713
332191 7388521
322393 7396901
325934 7403057
320051 7382651
334298 7391243
322390 7382715
320863 7410832
331717 7390989
326078 7399824
328201 7397111
333949 7399338
350057 7388021
327200 7402957
347499 7397515
347968 7400797
320868 7393008
327502 7386914
329968 7386467
331224 7398089
347067 7401196
327491 7394328
326944 7388281
341476 7393841
339787 7393642
334252 7387233
344609 7388394
326490 7376691
328634 7387630
335491 7387146
346780 7397264
322646 7400271
321092 7409248
331605 7393869
320305 7384532
253617 7525967
327481 7394592
333073 7393068
340058 7394951
325079 7396732
340238 7396311
341256 7392589
332876 7380850
346572 7398532
318335 7380691
340815 7394790
333309 7395952
326206 7385497
330868 7398766
321766 7379456
319698 7389648
348278 7397620
353951 7394407
330191 7393849
322985 7381846
338985 7389813
327088 7400545
328154 7386457
335785 7388302
335946 7386184
327356 7374551
346105 7400433
341310 7391071
333760 7385106
317189 7407424
329358 7390161
345182 7396712
327273 7370313
334081 7385541
331247 7381424
339228 7403127
335246 7394436
332577 7396634
322226 7398315
329798 7399210
337887 7401051
346843 7399794
325045 7407027
319004 7379350
331593 7401959
343655 7392116
333430 7394096
333395 7394783
338169 7402943
347196 7397675
319891 7377661
326250 7385514
348209 7398757
348133 7401733
358588 7401019
334654 7397294
329194 7404305
329136 7393300
348526 7397404
334104 7387976
328804 7384390
324633 7405830
320392 7390726
326570 7405674
331140 7385227
336104 7389582
333819 7389860
323883 7391655
331568 7397781
360195 7399694
335981 7389541
330569 7399733
357370 7394238
343393 7395878
333556 7394831
338154 7405597
329575 7399276
452272 7465000
325974 7401704
322213 7391365
337215 7401113
321724 7377323
348826 7398961
332142 7392302
332399 7402742
321658 7383088
334987 7391778
321875 7381144
339949 7396532
338179 7395209
330418 7379903
328946 7402144
323666 7395778
331473 7381657
340211 7389057
340133 7394611
336489 7388192
342404 7393436
330100 7396195
329497 7403109
327144 7397404
326764 7400907
339682 7395686
326574 7392514
338255 7397738
327546 7387784
327874 7371054
322221 7406936
323140 7380877
327845 7373854
338420 7389936
323644 7402535
324151 7391904
340785 7390894
336983 7405112
337534 7387077
327128 7397590
329324 7388077
330904 7396688
334752 7397270
344760 7395589
324862 7396453
324843 7388878
345020 7391929
327666 7401695
334654 7389062
348841 7394609
321579 7409506
356366 7394874
331298 7399914
324866 7390926
334966 7385864
338141 7404311
333558 7405621
329316 7401900
337397 7387982
358736 7401847
328996 7394501
319056 7387408
333148 7391218
329158 7402787
317000 7379160
329586 7388536
343121 7396108
337244 7393844
326151 7383116
333945 7388286
324812 7384662
336282 7383985
331818 7395782
328885 7381244
326305 7397470
330992 7397720
332334 7392852
323203 7384319
341513 7397323
323601 7408094
330375 7396698
328025 7404443
340233 7402465
344202 7387997
333707 7388183
332507 7380810
349848 7386107
333741 7388663
331212 7400266
337890 7403738
337144 7386291
331842 7396919
344685 7389463
338989 7402849
343652 7392228
323950 7387581
337817 7403686
345207 7394719
327197 7387665
327592 7390833
328732 7388098
332125 7387279
338934 7406134
323720 7392285
324351 7387668
322433 7380564
321552 7392471
325794 7395523
320377 7392610
331606 7391800
328375 7386289
325315 7378246
337779 7388836
343181 7389414
332696 7386646
336720 7394325
334298 7401615
326362 7398114
329181 7390641
335203 7398295
324708 7385908
345661 7398929
328097 7404162
343236 7399809
327033 7400910
332459 7395110
332486 7389688
342499 7394660
351146 7395357
329631 7385237
336771 7389679
334936 7403865
319991 7382469
332331 7379388
334240 7404845
330798 7396512
319888 7379199
322307 7403054
336173 7391975
330784 7402469
340983 7389024
319484 7378939
320548 7390452
339072 7402258
327075 7387073
330404 7382876
333198 7394898
343464 7392596
336385 7402418
328364 7385337
329468 7399531
358010 7395229
341485 7394511
343227 7399577
326330 7370709
328965 7386606
322001 7390663
326627 7389561
323553 7402336
339975 7396216
330493 7394855
337876 7396154
335306 7382873
339641 7396890
344804 7389206
325993 7393769
354879 7401752
353741 7388762
345164 7395232
343667 7389107
322421 7384740
336265 7395899
333049 7395595
320644 7403188
347844 7396840
352143 7391034
326721 7395801
327473 7393148
321366 7391635
332096 7392944
334960 7387946
328501 7393563
352056 7389870
363420 7411086
322650 7383172
326075 7399972
330931 7403871
332650 7391000
353859 7401806
354583 7403123
328789 7374093
317599 7374752
328667 7404566
328038 7381118
317694 7383191
327773 7396879
330997 7383516
329537 7403825
335640 7388349
332768 7403151
332024 7389305
322658 7386850
316705 7390056
336239 7395938
330109 7386571
333824 7403245
346872 7391565
330358 7387891
337248 7388466
320713 7381678
335443 7386424
331066 7399058
326583 7374251
328528 7392678
345218 7389166
333992 7400175
337400 7394757
329435 7389445
331455 7379205
325541 7404555
321683 7380472
336676 7399469
332247 7385800
343653 7390495
324395 7407566
331264 7404279
345192 7391450
327029 7395813
330578 7396386
351345 7385725
334825 7400915
334333 7393464
337054 7398333
324824 7390984
341853 7396035
331823 7389987
341566 7394694
344755 7388887
340006 7397015
338427 7400707
345413 7398377
335976 7396217
346053 7390898
332477 7382002
335935 7385531
340420 7395503
337319 7400674
328855 7390969
333886 7396983
324257 7394297
328979 7379615
331005 7401856
341640 7393188
332974 7382251
327478 7388384
342382 7390713
325296 7389763
324753 7401180
356899 7396892
326692 7390386
328263 7395602
322828 7397410
330078 7379796
330334 7401836
331717 7382773
329740 7394897
337363 7384718
325887 7382975
345557 7400109
333007 7389713
321054 7392475
345784 7399930
348407 7397950
331454 7380919
347556 7398414
340687 7393058
343319 7397707
329416 7385522
322413 7389024
337010 7403582
334475 7404939
335793 7395144
338414 7393320
336505 7396417
324547 7394484
348965 7402709
331411 7381472
331811 7397465
329012 7400117
330103 7402650
342991 7394813
345792 7396057
332030 7393954
344043 7399711
332523 7397278
337526 7401793
330634 7395052
333540 7392893
346236 7386980
331152 7378769
331028 7382127
333471 7391889
342644 7389257
338043 7393753
321314 7385522
342810 7392778
328257 7400258
337509 7402813
332656 7393997
427006 7540510
346173 7390618
327874 7395942
335530 7389176
321288 7385233
344177 7398453
323537 7387515
332702 7383342
327564 7404382
336463 7394487
326853 7388349
320630 7379792
326441 7379409
353717 7389166
319664 7381607
335488 7392365
328533 7400683
328635 7381329
323799 7396028
321249 7401854
330700 7395304
330110 7388227
342750 7392258
340970 7396305
320573 7409888
330085 7401553
347767 7396944
333471 7384252
336278 7405150
330648 7394284
318577 7384927
337903 7394573
339102 7402020
332107 7401466
338503 7398888
316944 7388777
342924 7394323
339688 7398682
346133 7396305
337217 7392509
329568 7387720
324847 7381867
347011 7398235
350871 7397092
331367 7404221
323415 7384049
334131 7394159
327867 7392549
340212 7398094
327437 7401594
322313 7394315
329601 7386826
351572 7388226
326515 7393928
334256 7389467
325022 7360920
325648 7379267
331455 7384084
334338 7394494
320657 7378811
338027 7403054
331092 7394584
329852 7379895
337185 7392981
320964 7398158
348574 7388680
330669 7398575
335134 7392756
336099 7384109
338838 7393962
343345 7397159
333779 7393062
332972 7390529
327524 7392412
328729 7388783
329432 7388534
330225 7383559
337336 7395864
330257 7396167
321890 7391052
344198 7391302
329485 7381840
330131 7385982
335788 7385107
329060 7390065
318950 7376810
334700 7404864
336191 7398600
331443 7394435
340469 7396577
319198 7385181
348821 7401076
345577 7394747
333301 7386762
334500 7385848
344598 7399025
347611 7397821
319793 7390401
318612 7379340
327537 7381919
343956 7388099
326431 7383857
330409 7387810
328716 7388439
321661 7379566
337281 7407801
345674 7397853
321801 7395613
326926 7403299
321831 7394835
331706 7393988
328450 7391110
324254 7402712
322135 7389056
326730 7371128
343281 7395250
344731 7397616
335705 7385458
328702 7387217
348496 7396773
335424 7401945
336929 7384835
341585 7396875
347372 7393776
349423 7389199
326451 7383377
353625 7397108
335182 7394218
327770 7396669
322909 7394530
325011 7375071
320897 7380713
331627 7400423
322110 7402849
329528 7382198
326222 7404664
342203 7398993
340221 7391551
328361 7404699
328175 7400094
346868 7397909
334905 7395719
332127 7393503
339524 7390234
330535 7380785
327663 7381099
330428 7400131
327563 7399699
337853 7386971
329984 7388490
328565 7381794
326068 7398170
336007 7386577
338629 7392418
341055 7397140
325421 7390154
328215 7384173
324150 7390259
329928 7386847
324655 7407862
320658 7394699
333008 7385896
329007 7386671
339136 7404149
338467 7403424
327486 7391474
334942 7394196
318071 7389374
323368 7383637
326594 7376692
340181 7393258
321501 7403551
332892 7394760
335922 7394038
322158 7397618
330080 7389572
321443 7395030
321854 7392642
338002 7401532
321005 7405359
320649 7384427
341497 7398277
331966 7395572
333827 7402777
333880 7377905
324851 7398048
323324 7390817
330768 7402647
334862 7403628
335551 7384976
321690 7401630
333597 7394891
321078 7380462
335882 7386539
337575 7394661
326699 7384695
351412 7399885
346540 7390212
332464 7401809
322108 7402106
327663 7397342
348868 7389862
320631 7405838
335257 7401722
345056 7398033
321316 7389035
330149 7390676
326391 7396806
336124 7390102
341718 7393579
321772 7382944
319535 7384068
341735 7395184
331895 7382765
325157 7405598
326054 7400996
344434 7388895
334913 7387565
339069 7389524
337357 7398721
333567 7393653
321909 7395049
332809 7395169
327087 7396439
342491 7399075
336132 7389659
322512 7386677
339089 7403645
331618 7402758
334734 7403240
325687 7401715
348958 7387776
325288 7376141
321252 7382466
342754 7395985
328785 7397251
326750 7402981
327993 7380776
340999 7395942
317455 7389428
318753 7391338
337259 7402692
318517 7383168
331514 7391512
337846 7394333
326653 7403816
327814 7375306
347952 7399859
329815 7385046
330063 7379123
322506 7388134
346359 7389065
324682 7398441
333531 7403623
343253 7388518
331786 7388284
326172 7397590
319024 7384702
349457 7402034
352789 7389366
337838 7404043
321088 7375216
337465 7387309
337467 7398687
326153 7361200
329505 7372661
339441 7407542
347491 7394798
333252 7395159
323857 7403641
339030 7400478
355718 7391086
343644 7399604
332894 7390018
321090 7403383
331519 7397169
342188 7395166
331867 7396607
325313 7392523
333047 7383845
357716 7392388
327997 7376244
330034 7381171
334414 7398396
347821 7397677
336124 7400316
355049 7387580
324528 7400960
329244 7400467
327950 7383233
330368 7383630
347324 7391390
333999 7396630
328588 7387919
339303 7389497
342250 7390436
340425 7399174
330234 7391859
335990 7401883
330255 7387180
325894 7397598
321778 7386938
332503 7390483
355134 7401098
330262 7385513
320695 7407551
351088 7397775
317142 7378601
343716 7390430
336596 7395801
334963 7386117
334012 7402433
329657 7393843
