470 8 1
1704 1234 796 448 196 62 13 2 0 
1433 981 589 292 109 26 3 1 0 
1612 1146 717 380 142 31 4 1 0 
1475 1018 617 307 112 27 4 1 0 
1308 866 501 232 77 16 3 1 0 
1297 855 493 227 75 16 3 1 0 
1506 1046 636 315 114 27 4 1 0 
1274 835 481 222 74 15 3 1 0 
1511 1050 638 315 114 27 4 1 0 
1425 973 581 285 103 21 3 1 0 
1678 1209 772 425 176 48 7 1 0 
1611 1145 716 379 141 31 4 1 0 
1287 847 488 226 75 16 3 1 0 
1401 950 563 271 95 19 3 1 0 
1503 1044 636 315 114 27 4 1 0 
1608 1142 713 376 139 30 4 1 0 
1533 1070 654 326 119 28 4 1 0 
1315 870 503 233 77 16 3 1 0 
1316 871 503 233 77 16 3 1 0 
1500 1041 633 313 113 27 4 1 0 
1566 1101 680 349 129 29 4 1 0 
1328 881 510 237 78 16 3 1 0 
1273 834 480 222 74 15 3 1 0 
1572 1107 685 353 130 29 4 1 0 
1636 1169 738 396 152 33 4 1 0 
1633 1167 736 395 152 33 4 1 0 
1324 877 508 235 77 16 3 1 0 
1694 1224 786 438 186 56 9 1 0 
1407 955 567 273 95 19 3 1 0 
1654 1186 754 411 163 40 5 1 0 
1622 1156 727 388 146 32 4 1 0 
1465 1010 611 305 112 27 4 1 0 
1382 931 549 262 90 18 3 1 0 
1618 1152 723 386 146 32 4 1 0 
1243 804 455 202 64 15 3 1 0 
1621 1155 726 387 146 32 4 1 0 
1631 1165 735 395 152 33 4 1 0 
1302 860 497 231 77 16 3 1 0 
1350 901 524 244 80 16 3 1 0 
1561 1096 675 345 127 29 4 1 0 
1570 1105 683 351 129 29 4 1 0 
1261 822 468 211 66 15 3 1 0 
1335 887 514 238 78 16 3 1 0 
1520 1058 644 318 115 27 4 1 0 
1397 946 561 271 95 19 3 1 0 
1249 810 459 204 65 15 3 1 0 
1452 999 602 299 111 27 4 1 0 
1408 956 567 273 95 19 3 1 0 
1689 1219 781 433 181 52 8 1 0 
1473 1017 617 307 112 27 4 1 0 
1588 1122 699 364 134 30 4 1 0 
1399 948 562 271 95 19 3 1 0 
1688 1218 780 432 180 51 8 1 0 
1454 1000 603 299 111 27 4 1 0 
1592 1126 701 365 134 30 4 1 0 
1528 1066 651 325 118 28 4 1 0 
1555 1091 672 342 126 29 4 1 0 
1674 1205 770 424 176 48 7 1 0 
1431 979 587 290 107 25 3 1 0 
1341 892 517 239 78 16 3 1 0 
1258 819 465 209 66 15 3 1 0 
1569 1104 682 350 129 29 4 1 0 
1451 998 602 299 111 27 4 1 0 
1405 954 566 272 95 19 3 1 0 
1430 978 586 289 106 24 3 1 0 
1558 1093 672 342 126 29 4 1 0 
1310 867 501 232 77 16 3 1 0 
1344 895 519 240 78 16 3 1 0 
1444 992 597 297 111 27 4 1 0 
1668 1199 764 420 172 44 5 1 0 
1300 858 495 229 75 16 3 1 0 
1357 908 530 247 82 16 3 1 0 
1248 809 459 204 65 15 3 1 0 
1237 799 451 198 64 15 3 1 0 
1395 944 561 271 95 19 3 1 0 
1459 1005 608 303 111 27 4 1 0 
1507 1047 636 315 114 27 4 1 0 
1403 952 564 271 95 19 3 1 0 
1470 1015 616 306 112 27 4 1 0 
1591 1125 700 365 134 30 4 1 0 
1643 1176 745 403 157 37 4 1 0 
1361 912 534 249 82 16 3 1 0 
1537 1074 657 328 119 28 4 1 0 
1291 850 490 226 75 16 3 1 0 
1367 918 539 254 86 18 3 1 0 
1263 824 470 213 68 15 3 1 0 
1391 940 557 268 92 18 3 1 0 
1279 839 483 223 75 16 3 1 0 
1471 1016 616 306 112 27 4 1 0 
1705 1235 797 449 197 63 14 2 0 
1440 988 594 295 111 27 4 1 0 
1281 841 485 224 75 16 3 1 0 
1349 900 523 244 80 16 3 1 0 
1460 1006 609 304 111 27 4 1 0 
1484 1027 622 309 113 27 4 1 0 
1467 1012 613 305 112 27 4 1 0 
1390 939 556 267 92 18 3 1 0 
1255 816 462 206 65 15 3 1 0 
1505 1045 636 315 114 27 4 1 0 
1653 1185 754 411 163 40 5 1 0 
1333 885 513 237 78 16 3 1 0 
1257 818 464 208 65 15 3 1 0 
1616 1150 721 384 144 32 4 1 0 
1423 971 579 283 102 21 3 1 0 
1585 1120 697 362 134 30 4 1 0 
1557 1092 672 342 126 29 4 1 0 
1476 1019 618 308 112 27 4 1 0 
1690 1220 782 434 182 53 8 1 0 
1523 1061 647 321 116 27 4 1 0 
1381 930 548 261 89 18 3 1 0 
1502 1043 635 314 113 27 4 1 0 
1580 1115 692 358 133 30 4 1 0 
1394 943 560 270 94 19 3 1 0 
1512 1051 638 315 114 27 4 1 0 
1411 959 570 276 97 20 3 1 0 
1461 1007 610 305 112 27 4 1 0 
1550 1086 668 339 125 29 4 1 0 
1422 970 579 283 102 21 3 1 0 
1364 915 537 252 85 17 3 1 0 
1264 825 471 214 68 15 3 1 0 
1426 974 582 285 103 21 3 1 0 
1434 982 590 293 110 26 3 1 0 
1504 1045 636 315 114 27 4 1 0 
1477 1020 619 308 112 27 4 1 0 
1480 1023 620 309 113 27 4 1 0 
1265 826 472 215 69 15 3 1 0 
1562 1097 676 345 127 29 4 1 0 
1517 1055 641 316 114 27 4 1 0 
1376 925 545 258 88 18 3 1 0 
1497 1039 631 312 113 27 4 1 0 
1691 1221 783 435 183 53 8 1 0 
1362 913 535 250 83 16 3 1 0 
1412 960 571 276 97 20 3 1 0 
1560 1095 674 344 126 29 4 1 0 
1424 972 580 284 102 21 3 1 0 
1268 829 475 218 71 15 3 1 0 
1380 929 548 261 89 18 3 1 0 
1682 1213 776 429 179 50 8 1 0 
1665 1197 763 419 171 43 5 1 0 
1342 893 517 239 78 16 3 1 0 
1651 1183 752 410 163 40 5 1 0 
1355 906 528 247 82 16 3 1 0 
1448 995 599 297 111 27 4 1 0 
1659 1191 758 414 166 41 5 1 0 
1474 1017 617 307 112 27 4 1 0 
1679 1210 773 426 176 48 7 1 0 
1518 1056 642 316 114 27 4 1 0 
1524 1062 648 322 117 28 4 1 0 
1449 996 600 297 111 27 4 1 0 
1542 1079 662 333 121 28 4 1 0 
1578 1113 690 358 133 30 4 1 0 
1419 967 576 280 100 20 3 1 0 
1640 1173 742 400 155 35 4 1 0 
1590 1124 700 365 134 30 4 1 0 
1638 1171 740 398 153 33 4 1 0 
1576 1111 688 356 133 30 4 1 0 
1681 1212 775 428 178 49 8 1 0 
1311 867 501 232 77 16 3 1 0 
1256 817 463 207 65 15 3 1 0 
1457 1003 606 302 111 27 4 1 0 
1552 1088 669 340 125 29 4 1 0 
1635 1169 738 396 152 33 4 1 0 
1644 1176 745 403 157 37 4 1 0 
1516 1055 641 316 114 27 4 1 0 
1266 827 473 216 69 15 3 1 0 
1508 1048 636 315 114 27 4 1 0 
1260 821 467 210 66 15 3 1 0 
1501 1042 634 313 113 27 4 1 0 
1536 1073 656 328 119 28 4 1 0 
1495 1037 629 311 113 27 4 1 0 
1294 853 492 226 75 16 3 1 0 
1418 966 575 279 100 20 3 1 0 
1496 1038 630 312 113 27 4 1 0 
1286 846 488 226 75 16 3 1 0 
1683 1214 777 430 179 50 8 1 0 
1685 1215 778 431 179 50 8 1 0 
1238 800 452 199 64 15 3 1 0 
1604 1138 710 373 138 30 4 1 0 
1240 802 453 200 64 15 3 1 0 
1396 945 561 271 95 19 3 1 0 
1313 868 502 233 77 16 3 1 0 
1345 896 520 241 78 16 3 1 0 
1353 904 526 245 81 16 3 1 0 
1458 1004 607 303 111 27 4 1 0 
1628 1162 732 392 149 32 4 1 0 
1319 872 504 233 77 16 3 1 0 
1553 1089 670 341 126 29 4 1 0 
1671 1202 767 422 174 46 6 1 0 
1450 997 601 298 111 27 4 1 0 
1393 942 559 270 94 19 3 1 0 
1564 1099 678 347 128 29 4 1 0 
1598 1132 706 370 135 30 4 1 0 
1664 1196 762 418 170 43 5 1 0 
1314 869 502 233 77 16 3 1 0 
1600 1134 707 371 136 30 4 1 0 
1499 1041 633 313 113 27 4 1 0 
1584 1119 696 362 134 30 4 1 0 
1356 907 529 247 82 16 3 1 0 
1336 888 515 238 78 16 3 1 0 
1351 902 524 244 80 16 3 1 0 
1680 1211 774 427 177 49 8 1 0 
1453 999 602 299 111 27 4 1 0 
1577 1112 689 357 133 30 4 1 0 
1514 1053 639 315 114 27 4 1 0 
1437 985 593 295 111 27 4 1 0 
1292 851 490 226 75 16 3 1 0 
1389 938 555 267 92 18 3 1 0 
1650 1182 751 409 162 40 5 1 0 
1478 1021 619 308 112 27 4 1 0 
1703 1233 795 447 195 61 12 2 0 
1599 1133 706 370 135 30 4 1 0 
1386 935 552 265 92 18 3 1 0 
1605 1139 710 373 138 30 4 1 0 
1363 914 536 251 84 17 3 1 0 
1442 990 596 296 111 27 4 1 0 
1432 980 588 291 108 25 3 1 0 
1244 805 455 202 64 15 3 1 0 
1420 968 577 281 101 20 3 1 0 
1662 1194 760 416 168 42 5 1 0 
1304 862 498 231 77 16 3 1 0 
1427 975 583 286 104 22 3 1 0 
1551 1087 669 340 125 29 4 1 0 
1639 1172 741 399 154 34 4 1 0 
1615 1149 720 383 143 32 4 1 0 
1554 1090 671 341 126 29 4 1 0 
1699 1229 791 443 191 59 11 2 0 
1563 1098 677 346 127 29 4 1 0 
1637 1170 739 397 153 33 4 1 0 
1642 1175 744 402 156 36 4 1 0 
1245 806 456 203 64 15 3 1 0 
1339 891 516 238 78 16 3 1 0 
1416 964 574 279 100 20 3 1 0 
1498 1040 632 312 113 27 4 1 0 
1323 876 507 235 77 16 3 1 0 
1541 1078 661 332 120 28 4 1 0 
1373 923 543 256 87 18 3 1 0 
1347 898 522 243 80 16 3 1 0 
1321 874 506 234 77 16 3 1 0 
1522 1060 646 320 116 27 4 1 0 
1632 1166 735 395 152 33 4 1 0 
1545 1081 664 335 123 28 4 1 0 
1573 1108 686 354 131 29 4 1 0 
1435 983 591 294 111 27 4 1 0 
1525 1063 649 323 117 28 4 1 0 
1610 1144 715 378 141 31 4 1 0 
1519 1057 643 317 114 27 4 1 0 
1379 928 548 261 89 18 3 1 0 
1648 1180 749 407 160 39 4 1 0 
1370 921 542 255 87 18 3 1 0 
1267 828 474 217 70 15 3 1 0 
1661 1193 759 415 167 42 5 1 0 
1641 1174 743 401 155 35 4 1 0 
1400 949 562 271 95 19 3 1 0 
1283 843 487 225 75 16 3 1 0 
1556 1091 672 342 126 29 4 1 0 
1331 883 512 237 78 16 3 1 0 
1494 1036 628 311 113 27 4 1 0 
1695 1225 787 439 187 57 10 1 0 
1398 947 562 271 95 19 3 1 0 
1684 1215 778 431 179 50 8 1 0 
1392 941 558 269 93 18 3 1 0 
1285 845 488 226 75 16 3 1 0 
1649 1181 750 408 161 40 5 1 0 
1284 844 487 225 75 16 3 1 0 
1692 1222 784 436 184 54 9 1 0 
1282 842 486 225 75 16 3 1 0 
1670 1201 766 421 173 45 6 1 0 
1236 798 450 198 64 15 3 1 0 
1290 849 490 226 75 16 3 1 0 
1597 1131 706 370 135 30 4 1 0 
1464 1009 611 305 112 27 4 1 0 
1415 963 573 278 99 20 3 1 0 
1620 1154 725 387 146 32 4 1 0 
1575 1110 687 355 132 29 4 1 0 
1428 976 584 287 105 23 3 1 0 
1601 1135 708 372 137 30 4 1 0 
1271 832 478 220 72 15 3 1 0 
1527 1065 650 324 118 28 4 1 0 
1276 836 482 223 75 16 3 1 0 
1606 1140 711 374 138 30 4 1 0 
1438 986 593 295 111 27 4 1 0 
1548 1084 667 338 125 29 4 1 0 
1483 1026 621 309 113 27 4 1 0 
1388 937 554 266 92 18 3 1 0 
1472 1017 617 307 112 27 4 1 0 
1280 840 484 223 75 16 3 1 0 
1658 1190 757 413 165 41 5 1 0 
1700 1230 792 444 192 60 11 2 0 
1372 922 543 256 87 18 3 1 0 
1322 875 506 234 77 16 3 1 0 
1625 1159 730 390 148 32 4 1 0 
1242 803 454 201 64 15 3 1 0 
1581 1116 693 359 133 30 4 1 0 
1568 1103 682 350 129 29 4 1 0 
1646 1178 747 405 158 38 4 1 0 
1595 1129 704 368 134 30 4 1 0 
1358 909 531 248 82 16 3 1 0 
1387 936 553 266 92 18 3 1 0 
1627 1161 731 391 148 32 4 1 0 
1338 890 516 238 78 16 3 1 0 
1446 994 598 297 111 27 4 1 0 
1559 1094 673 343 126 29 4 1 0 
1567 1102 681 350 129 29 4 1 0 
1609 1143 714 377 140 31 4 1 0 
1359 910 532 248 82 16 3 1 0 
1535 1072 656 328 119 28 4 1 0 
1469 1014 615 306 112 27 4 1 0 
1241 803 454 201 64 15 3 1 0 
1667 1199 764 420 172 44 5 1 0 
1383 932 550 263 91 18 3 1 0 
1366 917 538 253 86 18 3 1 0 
1630 1164 734 394 151 33 4 1 0 
1486 1029 623 309 113 27 4 1 0 
1579 1114 691 358 133 30 4 1 0 
1582 1117 694 360 133 30 4 1 0 
1334 886 513 237 78 16 3 1 0 
1377 926 546 259 88 18 3 1 0 
1586 1121 698 363 134 30 4 1 0 
1614 1148 719 382 142 31 4 1 0 
1481 1024 621 309 113 27 4 1 0 
1318 872 504 233 77 16 3 1 0 
1587 1121 698 363 134 30 4 1 0 
1677 1208 772 425 176 48 7 1 0 
1574 1109 687 355 132 29 4 1 0 
1262 823 469 212 67 15 3 1 0 
1629 1163 733 393 150 33 4 1 0 
1492 1034 626 310 113 27 4 1 0 
1513 1052 638 315 114 27 4 1 0 
1602 1136 708 372 137 30 4 1 0 
1697 1227 789 441 189 58 11 2 0 
1594 1128 703 367 134 30 4 1 0 
1485 1028 623 309 113 27 4 1 0 
1410 958 569 275 96 19 3 1 0 
1603 1137 709 373 138 30 4 1 0 
1544 1080 663 334 122 28 4 1 0 
1445 993 597 297 111 27 4 1 0 
1239 801 453 200 64 15 3 1 0 
1565 1100 679 348 128 29 4 1 0 
1489 1032 625 310 113 27 4 1 0 
1278 838 482 223 75 16 3 1 0 
1509 1049 637 315 114 27 4 1 0 
1490 1032 625 310 113 27 4 1 0 
1698 1228 790 442 190 59 11 2 0 
1369 920 541 255 87 18 3 1 0 
1571 1106 684 352 130 29 4 1 0 
1655 1187 754 411 163 40 5 1 0 
1270 831 477 219 71 15 3 1 0 
1277 837 482 223 75 16 3 1 0 
1530 1068 653 326 119 28 4 1 0 
1439 987 594 295 111 27 4 1 0 
1583 1118 695 361 133 30 4 1 0 
1348 899 522 243 80 16 3 1 0 
1479 1022 620 309 113 27 4 1 0 
1540 1077 660 331 119 28 4 1 0 
1429 977 585 288 105 23 3 1 0 
1673 1204 769 424 176 48 7 1 0 
1337 889 515 238 78 16 3 1 0 
1409 957 568 274 95 19 3 1 0 
1325 878 509 236 77 16 3 1 0 
1687 1217 779 432 180 51 8 1 0 
1531 1068 653 326 119 28 4 1 0 
1663 1195 761 417 169 42 5 1 0 
1374 924 544 257 87 18 3 1 0 
1343 894 518 239 78 16 3 1 0 
1272 833 479 221 73 15 3 1 0 
1669 1200 765 420 172 44 5 1 0 
1288 848 489 226 75 16 3 1 0 
1488 1031 624 309 113 27 4 1 0 
1487 1030 624 309 113 27 4 1 0 
1666 1198 764 420 172 44 5 1 0 
1320 873 505 234 77 16 3 1 0 
1624 1158 729 389 147 32 4 1 0 
1360 911 533 249 82 16 3 1 0 
1623 1157 728 389 147 32 4 1 0 
1693 1223 785 437 185 55 9 1 0 
1289 849 490 226 75 16 3 1 0 
1546 1082 665 336 124 28 4 1 0 
1539 1076 659 330 119 28 4 1 0 
1340 892 517 239 78 16 3 1 0 
1493 1035 627 310 113 27 4 1 0 
1529 1067 652 325 118 28 4 1 0 
1656 1188 755 411 163 40 5 1 0 
1657 1189 756 412 164 40 5 1 0 
1619 1153 724 386 146 32 4 1 0 
1247 808 458 203 64 15 3 1 0 
1466 1011 612 305 112 27 4 1 0 
1701 1231 793 445 193 60 11 2 0 
1251 812 460 204 65 15 3 1 0 
1371 922 543 256 87 18 3 1 0 
1365 916 538 253 86 18 3 1 0 
1254 815 461 205 65 15 3 1 0 
1346 897 521 242 79 16 3 1 0 
1413 961 572 277 98 20 3 1 0 
1421 969 578 282 101 20 3 1 0 
1312 867 501 232 77 16 3 1 0 
1275 836 482 223 75 16 3 1 0 
1676 1207 772 425 176 48 7 1 0 
1299 857 494 228 75 16 3 1 0 
1447 994 598 297 111 27 4 1 0 
1455 1001 604 300 111 27 4 1 0 
1538 1075 658 329 119 28 4 1 0 
1352 903 525 244 80 16 3 1 0 
1549 1085 667 338 125 29 4 1 0 
1491 1033 625 310 113 27 4 1 0 
1645 1177 746 404 158 38 4 1 0 
1307 865 500 231 77 16 3 1 0 
1296 855 493 227 75 16 3 1 0 
1613 1147 718 381 142 31 4 1 0 
1246 807 457 203 64 15 3 1 0 
1441 989 595 296 111 27 4 1 0 
1250 811 460 204 65 15 3 1 0 
1384 933 551 264 91 18 3 1 0 
1301 859 496 230 76 16 3 1 0 
1672 1203 768 423 175 47 6 1 0 
1375 924 544 257 87 18 3 1 0 
1327 880 510 237 78 16 3 1 0 
1686 1216 779 432 180 51 8 1 0 
1617 1151 722 385 145 32 4 1 0 
1253 814 461 205 65 15 3 1 0 
1675 1206 771 424 176 48 7 1 0 
1607 1141 712 375 138 30 4 1 0 
1702 1232 794 446 194 61 12 2 0 
1647 1179 748 406 159 38 4 1 0 
1354 905 527 246 82 16 3 1 0 
1317 872 504 233 77 16 3 1 0 
1515 1054 640 316 114 27 4 1 0 
1305 863 499 231 77 16 3 1 0 
1298 856 493 227 75 16 3 1 0 
1547 1083 666 337 125 29 4 1 0 
1417 965 574 279 100 20 3 1 0 
1468 1013 614 305 112 27 4 1 0 
1443 991 597 297 111 27 4 1 0 
1402 951 564 271 95 19 3 1 0 
1534 1071 655 327 119 28 4 1 0 
1326 879 510 237 78 16 3 1 0 
1368 919 540 255 87 18 3 1 0 
1593 1127 702 366 134 30 4 1 0 
1404 953 565 272 95 19 3 1 0 
1526 1064 649 323 117 28 4 1 0 
1378 927 547 260 88 18 3 1 0 
1309 866 501 232 77 16 3 1 0 
1696 1226 788 440 188 58 11 2 0 
1329 882 511 237 78 16 3 1 0 
1589 1123 700 365 134 30 4 1 0 
1303 861 497 231 77 16 3 1 0 
1295 854 493 227 75 16 3 1 0 
1269 830 476 218 71 15 3 1 0 
1406 955 567 273 95 19 3 1 0 
1293 852 491 226 75 16 3 1 0 
1596 1130 705 369 134 30 4 1 0 
1306 864 499 231 77 16 3 1 0 
1332 884 512 237 78 16 3 1 0 
1532 1069 653 326 119 28 4 1 0 
1660 1192 759 415 167 42 5 1 0 
1330 882 511 237 78 16 3 1 0 
1385 934 551 264 91 18 3 1 0 
1414 962 572 277 98 20 3 1 0 
1543 1079 662 333 121 28 4 1 0 
1510 1049 637 315 114 27 4 1 0 
1456 1002 605 301 111 27 4 1 0 
1252 813 460 204 65 15 3 1 0 
1463 1008 610 305 112 27 4 1 0 
1482 1025 621 309 113 27 4 1 0 
1462 1007 610 305 112 27 4 1 0 
1652 1184 753 410 163 40 5 1 0 
1436 984 592 294 111 27 4 1 0 
1259 820 466 210 66 15 3 1 0 
1634 1168 737 395 152 33 4 1 0 
1521 1059 645 319 115 27 4 1 0 
1626 1160 731 391 148 32 4 1 0 
267 395 262 115 72 352 434 60 74 14 281 338 265 261 348 147 340 16 305 180 431 140 172 333 220 36 306 92 188 410 80 369 182 324 17 271 415 62 99 284 332 445 453 56 366 326 236 231 73 177 274 163 2 406 355 131 297 447 8 466 246 381 207 373 400 439 166 372 358 375 87 152 117 53 102 136 276 196 198 459 161 388 468 204 113 107 269 148 221 129 195 135 270 122 464 263 416 319 141 317 109 296 78 217 349 405 4 344 413 258 336 119 424 55 13 97 25 94 302 190 277 307 232 206 354 331 380 409 288 316 402 243 75 20 387 81 130 106 249 334 105 442 114 215 22 227 463 346 377 134 9 426 203 411 300 254 33 253 309 444 427 39 364 378 176 449 100 31 34 389 192 287 399 171 279 350 137 359 110 181 66 365 327 96 173 312 241 462 216 465 35 89 179 43 376 65 237 268 85 396 139 44 153 124 342 46 223 235 40 52 370 454 103 356 59 229 451 159 98 95 420 280 469 149 255 128 18 425 417 322 28 0 383 189 123 90 27 429 432 101 120 438 362 118 330 308 461 435 38 157 347 162 125 353 323 133 164 6 191 298 275 10 286 337 67 397 219 368 45 371 240 392 244 385 266 443 42 256 138 343 301 218 436 293 386 210 233 69 50 226 174 77 412 32 422 299 398 7 70 304 108 167 242 29 455 111 357 433 183 82 116 259 382 158 228 209 205 283 68 126 408 404 154 367 335 289 313 86 401 47 150 104 345 21 441 151 272 156 403 26 230 310 428 212 315 213 339 48 23 292 224 419 251 260 452 54 285 448 351 407 142 264 458 76 456 311 79 49 460 211 321 430 360 88 437 278 374 245 51 393 93 71 214 197 314 12 320 15 175 282 239 41 273 423 303 169 234 391 112 127 363 37 201 58 168 341 11 457 318 225 143 467 247 200 5 19 178 379 91 83 418 132 328 1 450 414 61 252 3 165 170 208 193 325 257 329 57 291 199 421 248 238 121 440 361 202 187 155 222 384 194 145 30 144 146 64 290 250 390 294 24 63 84 446 394 160 295 186 184 185 
CHST 0.007103 13.828125
