470 8 1
1652 1182 744 394 154 44 7 1 0 
1622 1152 716 367 132 30 3 1 0 
1433 971 562 253 72 11 2 1 0 
1456 992 577 265 78 12 2 1 0 
1337 882 499 214 65 11 2 1 0 
1380 923 527 226 66 11 2 1 0 
1202 763 407 161 48 10 2 1 0 
1625 1155 719 369 133 30 3 1 0 
1288 839 466 194 57 10 2 1 0 
1486 1021 602 282 87 13 2 1 0 
1488 1023 603 283 87 13 2 1 0 
1291 842 468 195 57 10 2 1 0 
1378 921 526 226 66 11 2 1 0 
1437 975 566 256 75 11 2 1 0 
1200 761 407 161 48 10 2 1 0 
1278 831 460 191 56 10 2 1 0 
1245 801 436 177 52 10 2 1 0 
1345 889 503 214 65 11 2 1 0 
1343 887 501 214 65 11 2 1 0 
1275 828 458 190 55 10 2 1 0 
1505 1040 619 291 90 15 2 1 0 
1349 893 506 214 65 11 2 1 0 
1624 1154 718 369 133 30 3 1 0 
1637 1167 729 379 141 35 4 1 0 
1303 853 477 198 57 10 2 1 0 
1537 1072 644 310 101 17 2 1 0 
1424 962 554 246 69 11 2 1 0 
1647 1177 739 389 149 40 5 1 0 
1395 935 537 232 67 11 2 1 0 
1522 1057 632 302 97 17 2 1 0 
1484 1019 600 280 86 13 2 1 0 
1472 1007 590 273 82 12 2 1 0 
1354 898 509 215 65 11 2 1 0 
1556 1090 661 325 111 21 2 1 0 
1608 1139 705 357 129 28 3 1 0 
1492 1027 607 285 89 14 2 1 0 
1538 1073 645 310 101 17 2 1 0 
1369 913 520 222 65 11 2 1 0 
1471 1006 589 272 81 12 2 1 0 
1271 825 456 189 55 10 2 1 0 
1502 1037 616 289 90 15 2 1 0 
1590 1121 688 344 122 27 3 1 0 
1309 859 482 203 59 10 2 1 0 
1264 819 452 187 54 10 2 1 0 
1403 943 543 237 67 11 2 1 0 
1432 970 561 252 71 11 2 1 0 
1243 799 434 175 50 10 2 1 0 
1396 936 537 232 67 11 2 1 0 
1643 1173 735 385 145 37 5 1 0 
1497 1032 611 287 90 15 2 1 0 
1293 844 470 196 57 10 2 1 0 
1483 1018 599 279 85 13 2 1 0 
1641 1171 733 383 144 37 5 1 0 
1320 868 489 207 61 10 2 1 0 
1302 852 476 198 57 10 2 1 0 
1221 780 419 166 48 10 2 1 0 
1613 1144 709 361 130 29 3 1 0 
1593 1124 690 346 123 27 3 1 0 
1621 1151 715 366 132 30 3 1 0 
1312 862 484 204 59 10 2 1 0 
1591 1122 689 345 122 27 3 1 0 
1498 1033 612 287 90 15 2 1 0 
1318 866 488 207 61 10 2 1 0 
1417 955 549 242 68 11 2 1 0 
1601 1132 698 352 126 27 3 1 0 
1615 1145 710 362 130 29 3 1 0 
1334 880 499 214 65 11 2 1 0 
1361 905 514 218 65 11 2 1 0 
1447 983 571 261 77 12 2 1 0 
1564 1098 668 330 113 22 2 1 0 
1374 917 524 226 66 11 2 1 0 
1419 957 551 244 69 11 2 1 0 
1368 912 519 221 65 11 2 1 0 
1605 1136 702 354 127 28 3 1 0 
1402 942 543 237 67 11 2 1 0 
1324 872 492 209 62 10 2 1 0 
1203 764 407 161 48 10 2 1 0 
1416 954 548 241 68 11 2 1 0 
1457 993 578 265 78 12 2 1 0 
1299 849 474 198 57 10 2 1 0 
1548 1082 653 317 106 19 2 1 0 
1468 1003 586 269 79 12 2 1 0 
1255 810 445 182 52 10 2 1 0 
1229 788 425 169 49 10 2 1 0 
1356 900 511 216 65 11 2 1 0 
1414 952 547 240 68 11 2 1 0 
1582 1113 681 339 120 26 3 1 0 
1379 922 526 226 66 11 2 1 0 
1455 991 577 265 78 12 2 1 0 
1653 1183 745 395 155 45 7 1 0 
1446 982 571 261 77 12 2 1 0 
1364 908 516 219 65 11 2 1 0 
1390 932 534 230 66 11 2 1 0 
1212 773 414 162 48 10 2 1 0 
1192 753 400 158 48 10 2 1 0 
1453 989 575 264 78 12 2 1 0 
1583 1114 682 339 120 26 3 1 0 
1360 904 513 217 65 11 2 1 0 
1201 762 407 161 48 10 2 1 0 
1525 1060 632 302 97 17 2 1 0 
1362 906 514 218 65 11 2 1 0 
1426 964 556 248 70 11 2 1 0 
1533 1068 640 307 99 17 2 1 0 
1480 1015 597 278 85 13 2 1 0 
1198 759 406 161 48 10 2 1 0 
1616 1146 710 362 130 29 3 1 0 
1473 1008 591 274 82 12 2 1 0 
1630 1160 723 373 135 31 3 1 0 
1266 821 453 188 54 10 2 1 0 
1358 902 512 216 65 11 2 1 0 
1228 787 424 168 48 10 2 1 0 
1277 830 459 190 55 10 2 1 0 
1410 949 545 239 68 11 2 1 0 
1285 837 464 194 57 10 2 1 0 
1599 1130 696 350 124 27 3 1 0 
1461 996 581 267 78 12 2 1 0 
1474 1009 592 275 83 12 2 1 0 
1479 1014 596 277 85 13 2 1 0 
1626 1156 720 370 134 30 3 1 0 
1413 951 547 240 68 11 2 1 0 
1594 1125 691 346 123 27 3 1 0 
1627 1157 721 371 134 30 3 1 0 
1199 760 406 161 48 10 2 1 0 
1475 1010 593 275 83 12 2 1 0 
1208 769 411 162 48 10 2 1 0 
1574 1106 675 334 117 25 3 1 0 
1507 1042 621 293 91 15 2 1 0 
1311 861 484 204 59 10 2 1 0 
1407 946 544 238 68 11 2 1 0 
1265 820 452 187 54 10 2 1 0 
1631 1161 724 374 136 31 3 1 0 
1420 958 552 244 69 11 2 1 0 
1598 1129 695 350 124 27 3 1 0 
1632 1162 725 375 137 32 4 1 0 
1481 1016 598 279 85 13 2 1 0 
1619 1149 713 365 131 30 3 1 0 
1357 901 512 216 65 11 2 1 0 
1562 1096 667 329 112 22 2 1 0 
1543 1078 649 314 104 18 2 1 0 
1317 865 487 206 60 10 2 1 0 
1526 1061 633 302 97 17 2 1 0 
1421 959 552 244 69 11 2 1 0 
1236 793 429 172 50 10 2 1 0 
1529 1064 636 304 97 17 2 1 0 
1454 990 576 265 78 12 2 1 0 
1596 1127 693 348 123 27 3 1 0 
1304 854 478 199 57 10 2 1 0 
1250 805 440 178 52 10 2 1 0 
1263 818 451 186 54 10 2 1 0 
1280 833 461 191 56 10 2 1 0 
1276 829 458 190 55 10 2 1 0 
1393 934 536 232 67 11 2 1 0 
1536 1071 643 310 101 17 2 1 0 
1251 806 441 179 52 10 2 1 0 
1292 843 469 195 57 10 2 1 0 
1193 754 401 158 48 10 2 1 0 
1600 1131 697 351 125 27 3 1 0 
1333 880 499 214 65 11 2 1 0 
1442 980 570 260 76 11 2 1 0 
1326 874 494 210 62 10 2 1 0 
1495 1030 610 287 90 15 2 1 0 
1306 856 479 200 57 10 2 1 0 
1547 1082 653 317 106 19 2 1 0 
1330 878 497 212 63 10 2 1 0 
1429 967 559 251 71 11 2 1 0 
1218 778 417 165 48 10 2 1 0 
1603 1134 700 353 127 28 3 1 0 
1272 826 457 190 55 10 2 1 0 
1256 811 446 182 52 10 2 1 0 
1210 771 413 162 48 10 2 1 0 
1367 911 518 220 65 11 2 1 0 
1587 1118 686 342 121 27 3 1 0 
1329 877 496 211 63 10 2 1 0 
1366 910 518 220 65 11 2 1 0 
1566 1099 669 330 113 22 2 1 0 
1567 1100 669 330 113 22 2 1 0 
1604 1135 701 353 127 28 3 1 0 
1511 1046 623 295 92 15 2 1 0 
1588 1119 687 343 122 27 3 1 0 
1404 944 543 237 67 11 2 1 0 
1347 891 504 214 65 11 2 1 0 
1314 863 485 204 59 10 2 1 0 
1388 930 532 229 66 11 2 1 0 
1323 871 491 209 62 10 2 1 0 
1558 1092 663 327 111 21 2 1 0 
1340 884 500 214 65 11 2 1 0 
1633 1163 725 375 137 32 4 1 0 
1636 1166 728 378 140 34 4 1 0 
1321 869 490 208 61 10 2 1 0 
1435 973 564 255 74 11 2 1 0 
1513 1048 625 296 92 15 2 1 0 
1225 784 421 167 48 10 2 1 0 
1545 1080 651 316 105 18 2 1 0 
1348 892 505 214 65 11 2 1 0 
1300 850 475 198 57 10 2 1 0 
1274 828 458 190 55 10 2 1 0 
1286 837 464 194 57 10 2 1 0 
1467 1002 585 268 79 12 2 1 0 
1409 948 545 239 68 11 2 1 0 
1389 931 533 230 66 11 2 1 0 
1595 1126 692 347 123 27 3 1 0 
1319 867 489 207 61 10 2 1 0 
1224 783 420 166 48 10 2 1 0 
1204 765 408 161 48 10 2 1 0 
1445 982 571 261 77 12 2 1 0 
1242 798 433 174 50 10 2 1 0 
1581 1112 680 339 120 26 3 1 0 
1527 1062 634 302 97 17 2 1 0 
1476 1011 593 275 83 12 2 1 0 
1651 1181 743 393 153 43 7 1 0 
1222 781 419 166 48 10 2 1 0 
1617 1147 711 363 131 30 3 1 0 
1510 1045 623 295 92 15 2 1 0 
1628 1158 722 372 134 30 3 1 0 
1325 873 493 210 62 10 2 1 0 
1635 1165 727 377 139 33 4 1 0 
1609 1140 705 357 129 28 3 1 0 
1646 1176 738 388 148 39 5 1 0 
1540 1075 647 312 103 18 2 1 0 
1346 890 504 214 65 11 2 1 0 
1648 1178 740 390 150 41 6 1 0 
1496 1031 610 287 90 15 2 1 0 
1638 1168 730 380 141 35 4 1 0 
1490 1025 605 284 88 13 2 1 0 
1514 1049 626 297 93 15 2 1 0 
1552 1086 657 321 108 19 2 1 0 
1508 1043 622 294 91 15 2 1 0 
1534 1069 641 308 99 17 2 1 0 
1550 1084 655 319 107 19 2 1 0 
1610 1141 706 358 129 28 3 1 0 
1297 847 473 197 57 10 2 1 0 
1585 1116 684 341 121 27 3 1 0 
1273 827 457 190 55 10 2 1 0 
1422 960 552 244 69 11 2 1 0 
1261 816 450 185 53 10 2 1 0 
1355 899 510 215 65 11 2 1 0 
1450 986 573 262 77 12 2 1 0 
1440 978 568 258 76 11 2 1 0 
1267 822 454 188 54 10 2 1 0 
1308 858 481 202 58 10 2 1 0 
1531 1066 638 306 98 17 2 1 0 
1504 1039 618 290 90 15 2 1 0 
1235 793 429 172 50 10 2 1 0 
1260 815 449 185 53 10 2 1 0 
1294 845 471 196 57 10 2 1 0 
1307 857 480 201 57 10 2 1 0 
1359 903 512 216 65 11 2 1 0 
1634 1164 726 376 138 32 4 1 0 
1339 883 500 214 65 11 2 1 0 
1578 1109 678 337 118 25 3 1 0 
1542 1077 648 313 103 18 2 1 0 
1528 1063 635 303 97 17 2 1 0 
1401 941 542 236 67 11 2 1 0 
1391 933 535 231 66 11 2 1 0 
1614 1144 709 361 130 29 3 1 0 
1338 882 499 214 65 11 2 1 0 
1211 772 413 162 48 10 2 1 0 
1644 1174 736 386 146 38 5 1 0 
1482 1017 599 279 85 13 2 1 0 
1568 1100 669 330 113 22 2 1 0 
1400 940 541 235 67 11 2 1 0 
1387 929 531 228 66 11 2 1 0 
1535 1070 642 309 100 17 2 1 0 
1383 925 528 226 66 11 2 1 0 
1645 1175 737 387 147 39 5 1 0 
1449 985 572 261 77 12 2 1 0 
1639 1169 731 381 142 35 4 1 0 
1606 1137 703 355 128 28 3 1 0 
1230 788 425 169 49 10 2 1 0 
1220 780 419 166 48 10 2 1 0 
1463 998 582 267 78 12 2 1 0 
1597 1128 694 349 124 27 3 1 0 
1494 1029 609 286 89 14 2 1 0 
1518 1053 629 300 95 15 2 1 0 
1618 1148 712 364 131 30 3 1 0 
1270 825 456 189 55 10 2 1 0 
1579 1110 678 337 118 25 3 1 0 
1196 757 404 159 48 10 2 1 0 
1239 795 430 173 50 10 2 1 0 
1546 1081 652 317 106 19 2 1 0 
1443 981 571 261 77 12 2 1 0 
1516 1051 628 299 94 15 2 1 0 
1190 751 399 158 48 10 2 1 0 
1418 956 550 243 69 11 2 1 0 
1500 1035 614 288 90 15 2 1 0 
1241 797 432 173 50 10 2 1 0 
1539 1074 646 311 102 18 2 1 0 
1654 1184 746 396 156 46 8 1 0 
1406 945 544 238 68 11 2 1 0 
1386 928 530 227 66 11 2 1 0 
1557 1091 662 326 111 21 2 1 0 
1575 1107 676 335 118 25 3 1 0 
1227 786 423 168 48 10 2 1 0 
1501 1036 615 289 90 15 2 1 0 
1551 1085 656 320 107 19 2 1 0 
1205 766 409 161 48 10 2 1 0 
1465 1000 584 268 79 12 2 1 0 
1466 1001 585 268 79 12 2 1 0 
1491 1026 606 285 89 14 2 1 0 
1315 864 486 205 59 10 2 1 0 
1262 817 451 186 54 10 2 1 0 
1506 1041 620 292 90 15 2 1 0 
1503 1038 617 289 90 15 2 1 0 
1485 1020 601 281 86 13 2 1 0 
1469 1004 587 270 79 12 2 1 0 
1253 808 443 180 52 10 2 1 0 
1458 994 579 266 78 12 2 1 0 
1576 1107 676 335 118 25 3 1 0 
1565 1098 668 330 113 22 2 1 0 
1573 1105 674 334 117 25 3 1 0 
1423 961 553 245 69 11 2 1 0 
1252 807 442 180 52 10 2 1 0 
1328 876 495 211 63 10 2 1 0 
1282 835 463 193 56 10 2 1 0 
1223 782 420 166 48 10 2 1 0 
1363 907 515 218 65 11 2 1 0 
1397 937 538 233 67 11 2 1 0 
1284 836 464 194 57 10 2 1 0 
1493 1028 608 286 89 14 2 1 0 
1189 750 399 158 48 10 2 1 0 
1336 881 499 214 65 11 2 1 0 
1283 836 464 194 57 10 2 1 0 
1520 1055 630 301 96 16 2 1 0 
1517 1052 629 300 95 15 2 1 0 
1612 1143 708 360 129 28 3 1 0 
1301 851 475 198 57 10 2 1 0 
1194 755 402 158 48 10 2 1 0 
1295 846 472 196 57 10 2 1 0 
1268 823 455 189 55 10 2 1 0 
1553 1087 658 322 109 19 2 1 0 
1215 776 415 163 48 10 2 1 0 
1327 875 495 211 63 10 2 1 0 
1310 860 483 203 59 10 2 1 0 
1512 1047 624 295 92 15 2 1 0 
1279 832 460 191 56 10 2 1 0 
1237 794 429 172 50 10 2 1 0 
1589 1120 687 343 122 27 3 1 0 
1509 1044 622 294 91 15 2 1 0 
1186 748 398 158 48 10 2 1 0 
1233 791 428 171 50 10 2 1 0 
1217 777 416 164 48 10 2 1 0 
1187 748 398 158 48 10 2 1 0 
1572 1104 673 333 116 24 2 1 0 
1341 885 500 214 65 11 2 1 0 
1629 1159 722 372 134 30 3 1 0 
1524 1059 632 302 97 17 2 1 0 
1623 1153 717 368 132 30 3 1 0 
1234 792 428 171 50 10 2 1 0 
1247 802 437 177 52 10 2 1 0 
1444 982 571 261 77 12 2 1 0 
1197 758 405 160 48 10 2 1 0 
1451 987 573 262 77 12 2 1 0 
1209 770 412 162 48 10 2 1 0 
1257 812 447 183 52 10 2 1 0 
1620 1150 714 366 132 30 3 1 0 
1487 1022 602 282 87 13 2 1 0 
1408 947 545 239 68 11 2 1 0 
1438 976 567 257 75 11 2 1 0 
1441 979 569 259 76 11 2 1 0 
1570 1102 671 331 114 23 2 1 0 
1246 802 437 177 52 10 2 1 0 
1544 1079 650 315 104 18 2 1 0 
1411 950 546 239 68 11 2 1 0 
1316 865 487 206 60 10 2 1 0 
1577 1108 677 336 118 25 3 1 0 
1563 1097 668 330 113 22 2 1 0 
1371 914 521 223 65 11 2 1 0 
1207 768 410 162 48 10 2 1 0 
1206 767 410 162 48 10 2 1 0 
1569 1101 670 330 113 22 2 1 0 
1439 977 568 258 76 11 2 1 0 
1560 1094 665 328 112 22 2 1 0 
1477 1012 594 276 84 12 2 1 0 
1489 1024 604 283 87 13 2 1 0 
1642 1172 734 384 145 37 5 1 0 
1232 790 427 170 49 10 2 1 0 
1532 1067 639 306 98 17 2 1 0 
1254 809 444 181 52 10 2 1 0 
1313 862 484 204 59 10 2 1 0 
1195 756 403 158 48 10 2 1 0 
1219 779 418 166 48 10 2 1 0 
1523 1058 632 302 97 17 2 1 0 
1530 1065 637 305 98 17 2 1 0 
1289 840 467 195 57 10 2 1 0 
1611 1142 707 359 129 28 3 1 0 
1459 995 580 266 78 12 2 1 0 
1655 1185 747 397 157 47 9 1 0 
1431 969 560 252 71 11 2 1 0 
1405 945 544 238 68 11 2 1 0 
1425 963 555 247 69 11 2 1 0 
1580 1111 679 338 119 25 3 1 0 
1296 847 473 197 57 10 2 1 0 
1478 1013 595 277 85 13 2 1 0 
1640 1170 732 382 143 36 5 1 0 
1332 880 499 214 65 11 2 1 0 
1238 795 430 173 50 10 2 1 0 
1519 1054 630 301 96 16 2 1 0 
1376 919 525 226 66 11 2 1 0 
1470 1005 588 271 80 12 2 1 0 
1322 870 491 209 62 10 2 1 0 
1258 813 448 184 52 10 2 1 0 
1385 927 529 227 66 11 2 1 0 
1515 1050 627 298 94 15 2 1 0 
1188 749 398 158 48 10 2 1 0 
1549 1083 654 318 107 19 2 1 0 
1370 913 520 222 65 11 2 1 0 
1381 923 527 226 66 11 2 1 0 
1290 841 467 195 57 10 2 1 0 
1607 1138 704 356 128 28 3 1 0 
1214 775 414 162 48 10 2 1 0 
1430 968 560 252 71 11 2 1 0 
1398 938 539 234 67 11 2 1 0 
1452 988 574 263 77 12 2 1 0 
1649 1179 741 391 151 42 7 1 0 
1412 950 546 239 68 11 2 1 0 
1350 894 506 214 65 11 2 1 0 
1571 1103 672 332 115 23 2 1 0 
1561 1095 666 328 112 22 2 1 0 
1427 965 557 249 70 11 2 1 0 
1592 1123 690 346 123 27 3 1 0 
1269 824 455 189 55 10 2 1 0 
1650 1180 742 392 152 43 7 1 0 
1555 1089 660 324 110 20 2 1 0 
1384 926 529 227 66 11 2 1 0 
1342 886 501 214 65 11 2 1 0 
1305 855 478 199 57 10 2 1 0 
1434 972 563 254 73 11 2 1 0 
1375 918 524 226 66 11 2 1 0 
1499 1034 613 287 90 15 2 1 0 
1586 1117 685 342 121 27 3 1 0 
1464 999 583 267 78 12 2 1 0 
1448 984 571 261 77 12 2 1 0 
1415 953 548 241 68 11 2 1 0 
1249 804 439 177 52 10 2 1 0 
1351 895 507 214 65 11 2 1 0 
1353 897 508 215 65 11 2 1 0 
1226 785 422 167 48 10 2 1 0 
1436 974 565 255 74 11 2 1 0 
1259 814 449 185 53 10 2 1 0 
1352 896 508 215 65 11 2 1 0 
1335 880 499 214 65 11 2 1 0 
1554 1088 659 323 109 19 2 1 0 
1231 789 426 169 49 10 2 1 0 
1298 848 474 198 57 10 2 1 0 
1373 916 523 225 65 11 2 1 0 
1382 924 527 226 66 11 2 1 0 
1584 1115 683 340 120 26 3 1 0 
1394 935 537 232 67 11 2 1 0 
1377 920 525 226 66 11 2 1 0 
1287 838 465 194 57 10 2 1 0 
1372 915 522 224 65 11 2 1 0 
1344 888 502 214 65 11 2 1 0 
1248 803 438 177 52 10 2 1 0 
1541 1076 648 313 103 18 2 1 0 
1365 909 517 219 65 11 2 1 0 
1399 939 540 234 67 11 2 1 0 
1392 934 536 232 67 11 2 1 0 
1281 834 462 192 56 10 2 1 0 
1216 777 416 164 48 10 2 1 0 
1213 774 414 162 48 10 2 1 0 
1428 966 558 250 71 11 2 1 0 
1462 997 581 267 78 12 2 1 0 
1191 752 399 158 48 10 2 1 0 
1460 996 581 267 78 12 2 1 0 
1521 1056 631 302 97 17 2 1 0 
1240 796 431 173 50 10 2 1 0 
1602 1133 699 353 127 28 3 1 0 
1331 879 498 213 64 10 2 1 0 
1244 800 435 176 51 10 2 1 0 
1559 1093 664 328 112 22 2 1 0 
338 394 70 456 466 439 160 392 16 206 464 291 248 382 49 101 212 15 104 383 274 23 424 9 321 356 423 469 61 438 280 116 4 395 368 34 331 211 244 309 144 363 449 11 365 83 410 214 260 134 398 416 97 396 463 323 286 135 319 226 119 74 14 311 122 316 443 271 360 27 282 152 231 354 270 18 279 127 349 380 44 399 228 238 173 194 43 167 98 337 204 29 289 139 159 362 174 240 13 418 165 217 6 68 126 269 397 82 465 192 166 223 30 157 403 37 404 413 298 261 334 422 12 38 117 453 219 146 32 425 140 467 447 329 386 0 407 304 195 129 136 243 198 426 138 266 193 66 130 64 314 400 267 376 133 454 200 281 42 150 121 91 21 184 190 65 45 106 305 189 112 287 325 242 258 277 218 268 188 369 181 125 143 299 85 31 178 201 81 421 361 458 163 352 262 132 87 234 56 110 428 434 452 67 431 124 123 433 348 381 377 339 370 169 391 284 221 249 355 435 202 22 115 405 451 245 5 251 444 183 296 303 440 41 52 275 162 88 7 430 371 230 187 406 317 436 102 78 254 408 427 90 432 420 79 172 84 236 359 107 73 227 222 213 332 19 300 388 179 46 366 118 401 59 177 310 402 419 350 225 290 327 151 235 109 335 95 96 148 387 283 384 175 75 113 450 215 263 208 209 180 131 301 374 393 158 26 446 216 60 39 318 324 375 55 341 147 459 156 373 199 224 154 265 50 336 155 441 33 364 389 297 306 161 278 71 141 103 448 330 3 320 164 358 367 272 54 77 105 40 176 345 36 17 35 390 92 100 171 247 295 51 191 86 153 315 256 205 455 288 120 239 253 24 229 137 259 255 461 232 94 72 344 203 276 442 294 414 149 210 372 237 1 412 409 250 241 379 63 273 28 293 312 340 69 322 445 264 252 342 302 53 8 246 415 285 197 378 20 343 186 346 93 333 76 57 2 114 411 111 468 196 457 185 47 25 351 145 357 307 128 99 58 437 313 62 207 353 328 182 142 80 168 220 257 292 326 385 347 233 417 460 10 108 462 48 170 308 429 89 
CHST 0.006328 13.828125
