470 8 1
1672 1202 767 414 175 57 11 1 0 
1526 1066 649 321 117 30 3 1 0 
1331 884 506 228 73 16 3 1 0 
1607 1140 711 365 139 36 4 1 0 
1278 839 469 204 64 15 3 1 0 
1428 973 573 266 85 17 3 1 0 
1409 954 558 254 81 16 3 1 0 
1514 1054 638 311 108 24 3 1 0 
1341 893 515 231 73 16 3 1 0 
1371 922 537 243 76 16 3 1 0 
1370 921 536 242 76 16 3 1 0 
1351 902 520 233 73 16 3 1 0 
1354 905 523 236 74 16 3 1 0 
1345 897 517 232 73 16 3 1 0 
1408 953 558 254 81 16 3 1 0 
1623 1153 721 371 142 38 4 1 0 
1565 1101 680 345 127 35 4 1 0 
1217 781 425 181 61 15 3 1 0 
1214 778 423 181 61 15 3 1 0 
1612 1145 716 369 141 37 4 1 0 
1610 1143 714 367 140 36 4 1 0 
1276 837 468 204 64 15 3 1 0 
1523 1063 647 319 115 28 3 1 0 
1645 1175 742 390 155 44 5 1 0 
1379 928 541 245 78 16 3 1 0 
1548 1086 667 337 125 34 4 1 0 
1259 820 454 195 63 15 3 1 0 
1648 1178 745 393 158 46 6 1 0 
1295 852 481 212 66 15 3 1 0 
1588 1123 698 357 135 35 4 1 0 
1359 910 526 237 75 16 3 1 0 
1482 1023 613 293 99 21 3 1 0 
1292 849 478 209 65 15 3 1 0 
1361 912 527 237 75 16 3 1 0 
1509 1049 634 307 104 22 3 1 0 
1355 906 524 237 75 16 3 1 0 
1551 1088 669 338 125 34 4 1 0 
1234 797 438 187 61 15 3 1 0 
1444 988 583 271 86 17 3 1 0 
1618 1149 718 370 142 38 4 1 0 
1639 1169 736 384 150 42 5 1 0 
1305 861 489 218 68 15 3 1 0 
1322 877 502 228 73 16 3 1 0 
1489 1029 616 294 99 21 3 1 0 
1294 851 480 211 66 15 3 1 0 
1230 793 435 186 61 15 3 1 0 
1447 990 585 272 86 17 3 1 0 
1308 864 491 220 69 15 3 1 0 
1471 1012 604 285 93 18 3 1 0 
1603 1137 710 365 139 36 4 1 0 
1348 899 518 233 73 16 3 1 0 
1417 962 565 260 82 16 3 1 0 
1533 1073 656 328 121 33 4 1 0 
1476 1017 609 289 96 19 3 1 0 
1410 955 559 255 81 16 3 1 0 
1584 1120 695 356 134 35 4 1 0 
1633 1163 730 379 147 40 5 1 0 
1469 1010 602 284 92 18 3 1 0 
1519 1059 643 316 113 27 3 1 0 
1337 890 512 230 73 16 3 1 0 
1511 1051 635 308 105 22 3 1 0 
1629 1159 726 376 146 40 5 1 0 
1475 1016 608 288 95 19 3 1 0 
1327 881 504 228 73 16 3 1 0 
1518 1058 642 315 112 26 3 1 0 
1505 1045 631 304 103 21 3 1 0 
1283 841 471 204 64 15 3 1 0 
1248 809 448 193 62 15 3 1 0 
1438 982 580 269 86 17 3 1 0 
1541 1081 664 334 123 33 4 1 0 
1450 992 587 273 86 17 3 1 0 
1274 835 467 203 63 15 3 1 0 
1233 796 438 187 61 15 3 1 0 
1303 859 487 216 67 15 3 1 0 
1414 959 562 258 82 16 3 1 0 
1390 937 548 247 80 16 3 1 0 
1406 951 558 254 81 16 3 1 0 
1342 894 516 232 73 16 3 1 0 
1488 1028 615 294 99 21 3 1 0 
1376 925 540 245 78 16 3 1 0 
1658 1188 754 401 165 50 8 1 0 
1457 998 592 276 87 17 3 1 0 
1547 1085 666 336 125 34 4 1 0 
1288 845 474 205 64 15 3 1 0 
1215 779 424 181 61 15 3 1 0 
1225 788 431 183 61 15 3 1 0 
1317 872 498 225 71 15 3 1 0 
1394 941 552 250 80 16 3 1 0 
1606 1139 711 365 139 36 4 1 0 
1676 1206 771 418 179 60 14 2 0 
1432 977 577 269 86 17 3 1 0 
1279 840 470 204 64 15 3 1 0 
1424 969 571 264 85 17 3 1 0 
1386 934 546 247 80 16 3 1 0 
1480 1021 611 291 97 20 3 1 0 
1608 1141 712 365 139 36 4 1 0 
1316 871 498 225 71 15 3 1 0 
1208 773 420 180 61 15 3 1 0 
1404 949 558 254 81 16 3 1 0 
1579 1115 690 352 131 35 4 1 0 
1242 804 445 191 62 15 3 1 0 
1207 772 419 180 61 15 3 1 0 
1368 919 534 241 75 16 3 1 0 
1421 966 568 263 84 16 3 1 0 
1407 952 558 254 81 16 3 1 0 
1506 1046 631 304 103 21 3 1 0 
1455 996 590 275 86 17 3 1 0 
1465 1006 599 282 91 18 3 1 0 
1601 1136 709 364 138 36 4 1 0 
1224 787 430 183 61 15 3 1 0 
1571 1107 685 347 128 35 4 1 0 
1615 1147 716 369 141 37 4 1 0 
1326 880 503 228 73 16 3 1 0 
1339 892 514 231 73 16 3 1 0 
1515 1055 639 312 109 25 3 1 0 
1492 1032 619 296 99 21 3 1 0 
1502 1042 628 303 103 21 3 1 0 
1420 965 567 262 84 16 3 1 0 
1459 1000 594 278 88 17 3 1 0 
1226 789 431 183 61 15 3 1 0 
1470 1011 603 284 92 18 3 1 0 
1525 1065 649 321 117 30 3 1 0 
1403 949 558 254 81 16 3 1 0 
1504 1044 630 303 103 21 3 1 0 
1500 1040 626 301 101 21 3 1 0 
1312 867 494 221 69 15 3 1 0 
1622 1152 720 370 142 38 4 1 0 
1391 938 549 248 80 16 3 1 0 
1247 808 447 192 62 15 3 1 0 
1501 1041 627 302 102 21 3 1 0 
1539 1079 662 332 122 33 4 1 0 
1270 831 463 201 63 15 3 1 0 
1516 1056 640 313 110 25 3 1 0 
1644 1174 741 389 154 44 5 1 0 
1422 967 569 263 84 16 3 1 0 
1319 874 500 226 71 15 3 1 0 
1227 790 432 183 61 15 3 1 0 
1535 1075 658 329 121 33 4 1 0 
1649 1179 746 394 159 47 6 1 0 
1335 888 510 230 73 16 3 1 0 
1593 1128 703 359 135 35 4 1 0 
1272 833 465 201 63 15 3 1 0 
1448 991 586 272 86 17 3 1 0 
1580 1116 691 352 131 35 4 1 0 
1605 1138 710 365 139 36 4 1 0 
1473 1014 606 287 94 18 3 1 0 
1352 903 521 234 73 16 3 1 0 
1595 1130 705 361 137 35 4 1 0 
1486 1026 614 294 99 21 3 1 0 
1569 1105 683 347 128 35 4 1 0 
1614 1146 716 369 141 37 4 1 0 
1310 865 492 220 69 15 3 1 0 
1552 1089 670 338 125 34 4 1 0 
1378 927 540 245 78 16 3 1 0 
1419 964 566 261 83 16 3 1 0 
1574 1110 687 349 129 35 4 1 0 
1472 1013 605 286 93 18 3 1 0 
1280 841 471 204 64 15 3 1 0 
1265 826 459 198 63 15 3 1 0 
1383 931 544 247 80 16 3 1 0 
1630 1160 727 377 146 40 5 1 0 
1380 928 541 245 78 16 3 1 0 
1657 1187 753 400 164 50 8 1 0 
1389 936 547 247 80 16 3 1 0 
1223 786 429 183 61 15 3 1 0 
1392 939 550 249 80 16 3 1 0 
1508 1048 633 306 104 22 3 1 0 
1598 1133 707 362 138 36 4 1 0 
1557 1094 673 340 127 35 4 1 0 
1399 946 556 252 80 16 3 1 0 
1263 824 457 196 63 15 3 1 0 
1513 1053 637 310 107 23 3 1 0 
1499 1039 625 300 101 21 3 1 0 
1262 823 456 196 63 15 3 1 0 
1546 1084 665 335 124 33 4 1 0 
1545 1083 665 335 124 33 4 1 0 
1298 854 483 213 67 15 3 1 0 
1626 1156 724 374 144 38 4 1 0 
1300 856 485 215 67 15 3 1 0 
1416 961 564 260 82 16 3 1 0 
1219 783 426 181 61 15 3 1 0 
1338 891 513 230 73 16 3 1 0 
1257 818 453 195 63 15 3 1 0 
1387 934 546 247 80 16 3 1 0 
1360 911 527 237 75 16 3 1 0 
1210 775 422 181 61 15 3 1 0 
1641 1171 738 386 151 43 5 1 0 
1646 1176 743 391 156 45 5 1 0 
1496 1036 622 298 100 21 3 1 0 
1323 877 502 228 73 16 3 1 0 
1637 1167 734 382 148 41 5 1 0 
1587 1122 697 356 134 35 4 1 0 
1627 1157 725 375 145 39 4 1 0 
1264 825 458 197 63 15 3 1 0 
1377 926 540 245 78 16 3 1 0 
1613 1145 716 369 141 37 4 1 0 
1340 892 514 231 73 16 3 1 0 
1431 976 576 268 85 17 3 1 0 
1325 879 503 228 73 16 3 1 0 
1442 986 583 271 86 17 3 1 0 
1464 1005 598 282 91 18 3 1 0 
1474 1015 607 288 95 19 3 1 0 
1570 1106 684 347 128 35 4 1 0 
1405 950 558 254 81 16 3 1 0 
1434 978 577 269 86 17 3 1 0 
1373 924 539 244 77 16 3 1 0 
1462 1003 596 280 89 17 3 1 0 
1558 1095 674 341 127 35 4 1 0 
1490 1030 617 295 99 21 3 1 0 
1670 1200 765 412 173 55 11 1 0 
1581 1117 692 353 132 35 4 1 0 
1460 1001 595 279 88 17 3 1 0 
1621 1151 719 370 142 38 4 1 0 
1521 1061 645 317 113 27 3 1 0 
1384 932 545 247 80 16 3 1 0 
1527 1067 650 322 117 30 3 1 0 
1510 1050 634 307 104 22 3 1 0 
1528 1068 651 323 118 31 3 1 0 
1555 1092 672 339 126 34 4 1 0 
1218 782 425 181 61 15 3 1 0 
1669 1199 764 411 172 54 10 1 0 
1631 1161 728 378 146 40 5 1 0 
1643 1173 740 388 153 44 5 1 0 
1365 916 531 239 75 16 3 1 0 
1634 1164 731 379 147 40 5 1 0 
1660 1190 756 403 167 51 8 1 0 
1602 1136 709 364 138 36 4 1 0 
1532 1072 655 327 120 32 4 1 0 
1654 1184 751 399 164 50 8 1 0 
1320 875 501 227 72 15 3 1 0 
1329 882 505 228 73 16 3 1 0 
1314 869 496 223 70 15 3 1 0 
1599 1134 707 362 138 36 4 1 0 
1258 819 454 195 63 15 3 1 0 
1577 1113 689 351 130 35 4 1 0 
1250 811 450 194 62 15 3 1 0 
1445 989 584 271 86 17 3 1 0 
1252 813 451 195 63 15 3 1 0 
1600 1135 708 363 138 36 4 1 0 
1530 1070 653 325 119 32 4 1 0 
1652 1182 749 397 162 50 8 1 0 
1640 1170 737 385 150 42 5 1 0 
1449 991 586 272 86 17 3 1 0 
1575 1111 688 350 130 35 4 1 0 
1332 885 507 228 73 16 3 1 0 
1353 904 522 235 73 16 3 1 0 
1216 780 424 181 61 15 3 1 0 
1667 1197 762 409 170 52 9 1 0 
1213 777 422 181 61 15 3 1 0 
1228 791 433 184 61 15 3 1 0 
1553 1090 671 339 126 34 4 1 0 
1549 1086 667 337 125 34 4 1 0 
1418 963 565 260 82 16 3 1 0 
1446 989 584 271 86 17 3 1 0 
1503 1043 629 303 103 21 3 1 0 
1281 841 471 204 64 15 3 1 0 
1397 944 554 252 80 16 3 1 0 
1537 1077 660 330 121 33 4 1 0 
1415 960 563 259 82 16 3 1 0 
1544 1083 665 335 124 33 4 1 0 
1222 785 428 183 61 15 3 1 0 
1261 822 456 196 63 15 3 1 0 
1651 1181 748 396 161 49 7 1 0 
1436 980 578 269 86 17 3 1 0 
1650 1180 747 395 160 48 6 1 0 
1437 981 579 269 86 17 3 1 0 
1647 1177 744 392 157 45 5 1 0 
1302 858 486 216 67 15 3 1 0 
1287 844 474 205 64 15 3 1 0 
1585 1120 695 356 134 35 4 1 0 
1494 1034 620 296 99 21 3 1 0 
1524 1064 648 320 116 29 3 1 0 
1356 907 524 237 75 16 3 1 0 
1666 1196 761 408 170 52 9 1 0 
1461 1002 595 279 88 17 3 1 0 
1617 1149 718 370 142 38 4 1 0 
1238 800 441 188 61 15 3 1 0 
1560 1097 676 342 127 35 4 1 0 
1454 995 589 274 86 17 3 1 0 
1655 1185 752 400 164 50 8 1 0 
1435 979 577 269 86 17 3 1 0 
1635 1165 732 380 147 40 5 1 0 
1478 1019 610 290 97 20 3 1 0 
1271 832 464 201 63 15 3 1 0 
1604 1137 710 365 139 36 4 1 0 
1393 940 551 250 80 16 3 1 0 
1589 1124 699 357 135 35 4 1 0 
1675 1205 770 417 178 59 13 2 0 
1246 807 447 192 62 15 3 1 0 
1254 815 451 195 63 15 3 1 0 
1366 917 532 240 75 16 3 1 0 
1220 784 427 182 61 15 3 1 0 
1572 1108 685 347 128 35 4 1 0 
1628 1158 726 376 146 40 5 1 0 
1661 1191 757 404 167 51 8 1 0 
1381 929 542 245 78 16 3 1 0 
1458 999 593 277 87 17 3 1 0 
1429 974 574 267 85 17 3 1 0 
1358 909 525 237 75 16 3 1 0 
1330 883 505 228 73 16 3 1 0 
1484 1024 614 294 99 21 3 1 0 
1642 1172 739 387 152 43 5 1 0 
1638 1168 735 383 149 41 5 1 0 
1333 886 508 229 73 16 3 1 0 
1430 975 575 268 85 17 3 1 0 
1556 1093 673 340 127 35 4 1 0 
1485 1025 614 294 99 21 3 1 0 
1221 784 427 182 61 15 3 1 0 
1542 1081 664 334 123 33 4 1 0 
1311 866 493 221 69 15 3 1 0 
1267 828 460 198 63 15 3 1 0 
1529 1069 652 324 119 32 4 1 0 
1597 1132 706 362 138 36 4 1 0 
1616 1148 717 369 141 37 4 1 0 
1568 1104 682 347 128 35 4 1 0 
1243 805 445 191 62 15 3 1 0 
1297 853 482 212 66 15 3 1 0 
1346 898 518 233 73 16 3 1 0 
1334 887 509 229 73 16 3 1 0 
1479 1020 610 290 97 20 3 1 0 
1212 776 422 181 61 15 3 1 0 
1347 898 518 233 73 16 3 1 0 
1466 1007 600 283 92 18 3 1 0 
1665 1195 761 408 170 52 9 1 0 
1507 1047 632 305 104 22 3 1 0 
1411 956 560 256 81 16 3 1 0 
1396 943 554 252 80 16 3 1 0 
1349 900 519 233 73 16 3 1 0 
1619 1149 718 370 142 38 4 1 0 
1662 1192 758 405 168 51 8 1 0 
1531 1071 654 326 119 32 4 1 0 
1596 1131 706 362 138 36 4 1 0 
1321 876 502 228 73 16 3 1 0 
1653 1183 750 398 163 50 8 1 0 
1624 1154 722 372 142 38 4 1 0 
1441 985 582 270 86 17 3 1 0 
1301 857 485 215 67 15 3 1 0 
1611 1144 715 368 140 36 4 1 0 
1412 957 561 257 81 16 3 1 0 
1451 993 588 273 86 17 3 1 0 
1400 947 557 253 80 16 3 1 0 
1481 1022 612 292 98 20 3 1 0 
1671 1201 766 413 174 56 11 1 0 
1289 846 475 206 64 15 3 1 0 
1522 1062 646 318 114 27 3 1 0 
1578 1114 690 352 131 35 4 1 0 
1463 1004 597 281 90 17 3 1 0 
1452 994 589 274 86 17 3 1 0 
1562 1099 678 344 127 35 4 1 0 
1433 977 577 269 86 17 3 1 0 
1567 1103 682 347 128 35 4 1 0 
1443 987 583 271 86 17 3 1 0 
1498 1038 624 300 101 21 3 1 0 
1594 1129 704 360 136 35 4 1 0 
1520 1060 644 316 113 27 3 1 0 
1467 1008 601 284 92 18 3 1 0 
1240 802 443 190 62 15 3 1 0 
1344 896 517 232 73 16 3 1 0 
1253 814 451 195 63 15 3 1 0 
1536 1076 659 329 121 33 4 1 0 
1563 1099 678 344 127 35 4 1 0 
1592 1127 702 358 135 35 4 1 0 
1244 806 446 192 62 15 3 1 0 
1372 923 538 244 77 16 3 1 0 
1229 792 434 185 61 15 3 1 0 
1540 1080 663 333 123 33 4 1 0 
1269 830 462 200 63 15 3 1 0 
1497 1037 623 299 100 21 3 1 0 
1398 945 555 252 80 16 3 1 0 
1543 1082 664 334 123 33 4 1 0 
1251 812 451 195 63 15 3 1 0 
1363 914 529 238 75 16 3 1 0 
1456 997 591 276 87 17 3 1 0 
1364 915 530 238 75 16 3 1 0 
1538 1078 661 331 122 33 4 1 0 
1290 847 476 207 64 15 3 1 0 
1625 1155 723 373 143 38 4 1 0 
1582 1118 693 354 133 35 4 1 0 
1336 889 511 230 73 16 3 1 0 
1573 1109 686 348 128 35 4 1 0 
1586 1121 696 356 134 35 4 1 0 
1590 1125 700 357 135 35 4 1 0 
1659 1189 755 402 166 51 8 1 0 
1369 920 535 241 75 16 3 1 0 
1512 1052 636 309 106 22 3 1 0 
1487 1027 615 294 99 21 3 1 0 
1674 1204 769 416 177 59 13 2 0 
1231 794 436 186 61 15 3 1 0 
1249 810 449 194 62 15 3 1 0 
1266 827 460 198 63 15 3 1 0 
1232 795 437 186 61 15 3 1 0 
1328 882 505 228 73 16 3 1 0 
1313 868 495 222 70 15 3 1 0 
1517 1057 641 314 111 25 3 1 0 
1284 841 471 204 64 15 3 1 0 
1453 995 589 274 86 17 3 1 0 
1362 913 528 238 75 16 3 1 0 
1268 829 461 199 63 15 3 1 0 
1483 1024 614 294 99 21 3 1 0 
1395 942 553 251 80 16 3 1 0 
1566 1102 681 346 127 35 4 1 0 
1273 834 466 202 63 15 3 1 0 
1632 1162 729 379 147 40 5 1 0 
1413 958 561 257 81 16 3 1 0 
1656 1186 752 400 164 50 8 1 0 
1236 798 439 187 61 15 3 1 0 
1423 968 570 264 85 17 3 1 0 
1350 901 520 233 73 16 3 1 0 
1299 855 484 214 67 15 3 1 0 
1385 933 546 247 80 16 3 1 0 
1237 799 440 187 61 15 3 1 0 
1307 863 490 219 69 15 3 1 0 
1440 984 581 269 86 17 3 1 0 
1664 1194 760 407 169 52 9 1 0 
1245 806 446 192 62 15 3 1 0 
1277 838 468 204 64 15 3 1 0 
1534 1074 657 328 121 33 4 1 0 
1367 918 533 240 75 16 3 1 0 
1239 801 442 189 61 15 3 1 0 
1468 1009 602 284 92 18 3 1 0 
1620 1150 719 370 142 38 4 1 0 
1673 1203 768 415 176 58 12 1 0 
1668 1198 763 410 171 53 9 1 0 
1260 821 455 195 63 15 3 1 0 
1211 775 422 181 61 15 3 1 0 
1402 948 557 253 80 16 3 1 0 
1256 817 452 195 63 15 3 1 0 
1426 971 573 266 85 17 3 1 0 
1636 1166 733 381 147 40 5 1 0 
1315 870 497 224 70 15 3 1 0 
1491 1031 618 296 99 21 3 1 0 
1439 983 580 269 86 17 3 1 0 
1343 895 516 232 73 16 3 1 0 
1559 1096 675 342 127 35 4 1 0 
1275 836 468 204 64 15 3 1 0 
1291 848 477 208 64 15 3 1 0 
1561 1098 677 343 127 35 4 1 0 
1324 878 502 228 73 16 3 1 0 
1576 1112 688 350 130 35 4 1 0 
1293 850 479 210 65 15 3 1 0 
1282 841 471 204 64 15 3 1 0 
1663 1193 759 406 168 51 8 1 0 
1241 803 444 191 62 15 3 1 0 
1374 925 540 245 78 16 3 1 0 
1235 797 438 187 61 15 3 1 0 
1425 970 572 265 85 17 3 1 0 
1318 873 499 225 71 15 3 1 0 
1296 852 481 212 66 15 3 1 0 
1427 972 573 266 85 17 3 1 0 
1375 925 540 245 78 16 3 1 0 
1255 816 452 195 63 15 3 1 0 
1286 843 473 204 64 15 3 1 0 
1564 1100 679 345 127 35 4 1 0 
1554 1091 671 339 126 34 4 1 0 
1285 842 472 204 64 15 3 1 0 
1306 862 490 219 69 15 3 1 0 
1309 865 492 220 69 15 3 1 0 
1583 1119 694 355 134 35 4 1 0 
1401 947 557 253 80 16 3 1 0 
1388 935 546 247 80 16 3 1 0 
1209 774 421 180 61 15 3 1 0 
1493 1033 619 296 99 21 3 1 0 
1477 1018 610 290 97 20 3 1 0 
1495 1035 621 297 99 21 3 1 0 
1591 1126 701 357 135 35 4 1 0 
1382 930 543 246 79 16 3 1 0 
1304 860 488 217 68 15 3 1 0 
1550 1087 668 337 125 34 4 1 0 
1609 1142 713 366 139 36 4 1 0 
1357 908 525 237 75 16 3 1 0 
101 332 370 52 35 10 434 305 90 324 159 19 363 185 122 77 349 291 466 382 260 317 198 357 47 150 209 398 307 199 331 275 13 375 293 82 362 443 439 157 53 21 236 113 164 424 158 117 427 326 116 214 367 187 455 376 201 340 448 58 350 41 389 167 89 303 132 61 24 372 229 49 468 345 265 374 385 32 72 351 421 347 395 238 406 450 456 165 55 37 469 255 84 64 330 249 457 213 248 68 462 130 202 88 7 54 322 250 300 281 106 409 28 420 200 98 25 114 453 261 288 323 259 115 124 178 336 74 266 85 425 110 147 46 232 65 298 327 392 335 212 83 182 415 377 149 121 387 325 42 348 123 449 241 139 146 284 102 118 95 138 135 278 17 233 268 313 70 467 69 321 435 460 396 355 228 195 454 51 38 194 407 144 338 430 154 320 5 62 463 166 240 215 386 237 273 127 356 433 175 360 361 401 285 203 140 8 447 96 177 223 23 426 168 304 63 186 56 71 225 422 270 314 440 329 393 286 4 136 419 93 436 334 221 36 145 410 59 279 287 408 0 191 441 137 282 79 1 391 277 81 211 446 442 184 169 414 181 57 153 368 343 108 352 333 31 133 262 190 100 308 197 16 388 309 60 310 26 152 18 404 301 251 75 141 193 105 365 315 155 76 189 224 156 160 78 267 399 104 14 183 297 206 413 66 230 188 369 196 9 306 99 27 148 120 364 163 271 103 257 418 246 358 459 243 143 239 107 296 445 373 218 125 461 86 205 458 208 354 371 30 274 210 94 29 416 173 400 91 444 129 126 128 256 22 381 109 43 87 263 179 431 162 380 171 428 394 258 283 180 220 272 299 353 302 170 451 295 276 192 44 346 6 311 280 2 423 40 429 264 219 235 342 45 290 176 253 390 67 142 172 254 231 339 34 292 465 242 269 222 134 92 318 48 119 204 227 73 294 316 384 226 39 217 216 319 402 3 33 344 245 438 112 397 437 244 412 151 312 174 12 417 289 161 379 252 378 80 432 341 405 383 20 337 131 234 366 97 452 15 11 359 403 464 328 207 111 411 247 50 
CHST 0.006979 13.828125
