470 8 1
1445 983 588 286 97 20 3 1 0 
1663 1193 756 411 173 48 6 1 0 
1508 1044 639 322 113 27 4 1 0 
1232 793 443 198 63 15 3 1 0 
1548 1081 665 343 126 29 4 1 0 
1366 914 533 251 81 17 3 1 0 
1296 850 485 225 74 16 3 1 0 
1664 1194 757 412 174 49 7 1 0 
1281 838 479 223 74 16 3 1 0 
1509 1045 640 323 114 27 4 1 0 
1482 1020 620 310 108 27 4 1 0 
1278 835 476 221 73 16 3 1 0 
1370 918 534 251 81 17 3 1 0 
1476 1014 616 307 108 27 4 1 0 
1293 847 484 224 74 16 3 1 0 
1271 828 470 215 68 15 3 1 0 
1437 975 581 280 92 19 3 1 0 
1582 1113 690 356 129 32 4 1 0 
1561 1092 675 346 126 29 4 1 0 
1243 803 449 200 64 15 3 1 0 
1249 808 453 202 64 15 3 1 0 
1563 1094 677 347 126 29 4 1 0 
1665 1195 758 412 174 49 7 1 0 
1634 1164 735 394 159 44 6 1 0 
1279 836 477 222 73 16 3 1 0 
1495 1032 630 317 111 27 4 1 0 
1622 1152 724 383 151 40 5 1 0 
1680 1210 773 425 184 57 11 2 0 
1536 1070 658 336 121 28 4 1 0 
1607 1137 709 371 141 34 4 1 0 
1466 1004 606 299 107 27 4 1 0 
1319 872 501 232 76 17 3 1 0 
1575 1106 685 353 129 32 4 1 0 
1458 996 600 298 107 27 4 1 0 
1673 1203 766 420 180 53 10 1 0 
1462 1000 604 298 107 27 4 1 0 
1515 1051 644 326 116 27 4 1 0 
1580 1111 689 355 129 32 4 1 0 
1362 910 530 248 79 17 3 1 0 
1225 787 437 192 62 15 3 1 0 
1263 821 465 211 66 15 3 1 0 
1613 1143 715 375 144 35 4 1 0 
1484 1022 622 312 109 27 4 1 0 
1237 797 445 198 63 15 3 1 0 
1497 1033 631 318 112 27 4 1 0 
1598 1128 703 367 137 32 4 1 0 
1392 938 549 260 85 17 3 1 0 
1537 1071 658 336 121 28 4 1 0 
1618 1148 720 379 148 37 4 1 0 
1238 798 446 198 63 15 3 1 0 
1290 845 483 224 74 16 3 1 0 
1505 1041 636 319 112 27 4 1 0 
1543 1077 664 342 125 28 4 1 0 
1393 939 550 260 85 17 3 1 0 
1307 860 492 228 75 16 3 1 0 
1422 960 568 270 87 18 3 1 0 
1343 893 516 238 77 17 3 1 0 
1511 1047 641 323 114 27 4 1 0 
1641 1171 741 397 162 44 6 1 0 
1399 943 554 262 86 18 3 1 0 
1627 1157 729 388 155 42 5 1 0 
1260 818 463 211 66 15 3 1 0 
1390 937 548 260 85 17 3 1 0 
1506 1042 637 320 112 27 4 1 0 
1619 1149 721 380 148 37 4 1 0 
1344 894 516 238 77 17 3 1 0 
1551 1084 668 343 126 29 4 1 0 
1529 1063 653 333 119 28 4 1 0 
1331 883 509 234 76 17 3 1 0 
1519 1054 646 328 117 27 4 1 0 
1368 916 533 251 81 17 3 1 0 
1645 1175 744 400 165 45 6 1 0 
1600 1130 703 367 137 32 4 1 0 
1670 1200 763 417 178 53 10 1 0 
1498 1034 631 318 112 27 4 1 0 
1354 903 524 244 78 17 3 1 0 
1289 844 482 224 74 16 3 1 0 
1503 1039 634 318 112 27 4 1 0 
1230 791 441 196 63 15 3 1 0 
1308 861 493 229 75 16 3 1 0 
1218 781 433 190 62 15 3 1 0 
1630 1160 732 391 158 43 6 1 0 
1313 866 497 231 75 16 3 1 0 
1405 948 558 264 86 18 3 1 0 
1577 1108 686 354 129 32 4 1 0 
1578 1109 687 354 129 32 4 1 0 
1656 1186 752 407 170 47 6 1 0 
1375 923 539 253 81 17 3 1 0 
1233 794 443 198 63 15 3 1 0 
1455 993 598 296 105 25 3 1 0 
1337 888 512 235 76 17 3 1 0 
1426 964 572 273 89 18 3 1 0 
1355 904 525 245 79 17 3 1 0 
1353 902 523 244 78 17 3 1 0 
1248 807 452 201 64 15 3 1 0 
1323 875 503 232 76 17 3 1 0 
1654 1184 751 406 169 47 6 1 0 
1579 1110 688 354 129 32 4 1 0 
1292 846 484 224 74 16 3 1 0 
1568 1099 680 350 128 31 4 1 0 
1530 1064 653 333 119 28 4 1 0 
1595 1125 700 365 135 32 4 1 0 
1459 997 601 298 107 27 4 1 0 
1532 1066 655 335 121 28 4 1 0 
1294 848 484 224 74 16 3 1 0 
1341 892 516 238 77 17 3 1 0 
1325 877 505 233 76 17 3 1 0 
1542 1076 663 341 124 28 4 1 0 
1256 814 459 207 64 15 3 1 0 
1576 1107 686 354 129 32 4 1 0 
1254 813 458 206 64 15 3 1 0 
1251 810 455 204 64 15 3 1 0 
1488 1026 625 314 110 27 4 1 0 
1285 842 482 224 74 16 3 1 0 
1614 1144 716 376 145 35 4 1 0 
1321 874 502 232 76 17 3 1 0 
1346 896 518 240 77 17 3 1 0 
1533 1067 655 335 121 28 4 1 0 
1643 1173 743 399 164 44 6 1 0 
1585 1116 693 359 131 32 4 1 0 
1538 1072 659 337 122 28 4 1 0 
1662 1192 756 411 173 48 6 1 0 
1291 846 484 224 74 16 3 1 0 
1327 879 506 233 76 17 3 1 0 
1424 962 570 272 88 18 3 1 0 
1605 1135 707 369 139 32 4 1 0 
1227 788 438 193 62 15 3 1 0 
1397 942 553 262 86 18 3 1 0 
1486 1024 624 313 110 27 4 1 0 
1239 799 447 199 63 15 3 1 0 
1617 1147 719 379 148 37 4 1 0 
1646 1176 745 401 166 45 6 1 0 
1628 1158 730 389 156 42 5 1 0 
1386 934 546 258 84 17 3 1 0 
1504 1040 635 319 112 27 4 1 0 
1659 1189 754 409 171 48 6 1 0 
1574 1105 684 352 129 32 4 1 0 
1479 1017 619 309 108 27 4 1 0 
1611 1141 713 373 142 34 4 1 0 
1408 949 559 264 86 18 3 1 0 
1572 1103 683 351 128 31 4 1 0 
1648 1178 745 401 166 45 6 1 0 
1388 936 548 260 85 17 3 1 0 
1494 1031 629 316 111 27 4 1 0 
1235 795 443 198 63 15 3 1 0 
1539 1073 660 338 122 28 4 1 0 
1280 837 478 223 74 16 3 1 0 
1443 981 586 285 96 19 3 1 0 
1334 886 511 234 76 17 3 1 0 
1266 823 466 212 67 15 3 1 0 
1242 802 449 200 64 15 3 1 0 
1590 1120 696 362 133 32 4 1 0 
1516 1052 645 327 116 27 4 1 0 
1305 858 490 227 75 16 3 1 0 
1475 1013 615 306 107 27 4 1 0 
1420 959 567 269 87 18 3 1 0 
1616 1146 718 378 147 37 4 1 0 
1553 1084 668 343 126 29 4 1 0 
1650 1180 747 403 167 46 6 1 0 
1350 900 522 243 78 17 3 1 0 
1231 792 442 197 63 15 3 1 0 
1312 865 496 230 75 16 3 1 0 
1219 781 433 190 62 15 3 1 0 
1396 942 553 262 86 18 3 1 0 
1593 1123 698 363 134 32 4 1 0 
1282 839 480 223 74 16 3 1 0 
1675 1205 768 422 181 54 10 1 0 
1241 801 448 200 64 15 3 1 0 
1315 868 499 231 75 16 3 1 0 
1412 953 562 266 86 18 3 1 0 
1425 963 571 273 89 18 3 1 0 
1615 1145 717 377 146 36 4 1 0 
1247 806 451 200 64 15 3 1 0 
1429 967 575 275 90 18 3 1 0 
1522 1057 649 329 117 27 4 1 0 
1524 1058 649 329 117 27 4 1 0 
1677 1207 770 422 181 54 10 1 0 
1217 780 432 189 62 15 3 1 0 
1625 1155 727 386 154 41 5 1 0 
1501 1037 633 318 112 27 4 1 0 
1560 1091 674 346 126 29 4 1 0 
1300 853 487 226 74 16 3 1 0 
1427 965 573 274 90 18 3 1 0 
1352 902 523 244 78 17 3 1 0 
1457 995 600 298 107 27 4 1 0 
1550 1083 667 343 126 29 4 1 0 
1385 933 546 258 84 17 3 1 0 
1667 1197 760 414 175 50 7 1 0 
1363 911 531 249 80 17 3 1 0 
1512 1048 642 324 115 27 4 1 0 
1229 790 440 195 62 15 3 1 0 
1423 961 569 271 87 18 3 1 0 
1612 1142 714 374 143 34 4 1 0 
1559 1090 674 346 126 29 4 1 0 
1304 857 490 227 75 16 3 1 0 
1244 803 449 200 64 15 3 1 0 
1286 842 482 224 74 16 3 1 0 
1636 1166 737 395 160 44 6 1 0 
1487 1025 625 314 110 27 4 1 0 
1361 909 529 247 79 17 3 1 0 
1541 1075 662 340 123 28 4 1 0 
1391 938 549 260 85 17 3 1 0 
1267 824 467 212 67 15 3 1 0 
1295 849 485 225 74 16 3 1 0 
1335 887 512 235 76 17 3 1 0 
1404 947 558 264 86 18 3 1 0 
1649 1179 746 402 166 45 6 1 0 
1570 1101 681 350 128 31 4 1 0 
1326 878 506 233 76 17 3 1 0 
1451 989 594 292 102 23 3 1 0 
1419 958 566 269 87 18 3 1 0 
1660 1190 755 410 172 48 6 1 0 
1216 779 431 189 62 15 3 1 0 
1632 1162 734 393 159 44 6 1 0 
1402 945 556 262 86 18 3 1 0 
1642 1172 742 398 163 44 6 1 0 
1671 1201 764 418 178 53 10 1 0 
1684 1214 777 429 188 61 14 2 0 
1521 1056 648 328 117 27 4 1 0 
1562 1093 676 346 126 29 4 1 0 
1682 1212 775 427 186 59 13 2 0 
1340 891 515 237 76 17 3 1 0 
1631 1161 733 392 159 44 6 1 0 
1465 1003 606 299 107 27 4 1 0 
1348 898 520 241 77 17 3 1 0 
1276 833 474 219 71 15 3 1 0 
1255 814 459 207 64 15 3 1 0 
1473 1011 613 305 107 27 4 1 0 
1258 816 461 209 65 15 3 1 0 
1669 1199 762 416 177 52 9 1 0 
1297 851 486 226 74 16 3 1 0 
1604 1134 706 368 138 32 4 1 0 
1240 800 448 200 64 15 3 1 0 
1647 1177 745 401 166 45 6 1 0 
1273 830 471 216 68 15 3 1 0 
1527 1061 651 331 119 28 4 1 0 
1358 906 527 247 79 17 3 1 0 
1567 1098 679 349 127 30 4 1 0 
1250 809 454 203 64 15 3 1 0 
1474 1012 614 305 107 27 4 1 0 
1277 834 475 220 72 15 3 1 0 
1382 930 544 256 82 17 3 1 0 
1389 936 548 260 85 17 3 1 0 
1440 978 583 282 94 19 3 1 0 
1483 1021 621 311 109 27 4 1 0 
1284 841 481 223 74 16 3 1 0 
1573 1104 684 352 129 32 4 1 0 
1448 986 591 289 99 21 3 1 0 
1549 1082 666 343 126 29 4 1 0 
1597 1127 702 366 136 32 4 1 0 
1513 1049 643 325 116 27 4 1 0 
1496 1032 630 317 111 27 4 1 0 
1499 1035 632 318 112 27 4 1 0 
1357 906 527 247 79 17 3 1 0 
1342 893 516 238 77 17 3 1 0 
1547 1081 665 343 126 29 4 1 0 
1410 951 560 265 86 18 3 1 0 
1621 1151 723 382 150 39 4 1 0 
1500 1036 632 318 112 27 4 1 0 
1523 1058 649 329 117 27 4 1 0 
1584 1115 692 358 131 32 4 1 0 
1376 924 539 253 81 17 3 1 0 
1449 987 592 290 100 22 3 1 0 
1359 907 527 247 79 17 3 1 0 
1679 1209 772 424 183 56 11 2 0 
1356 905 526 246 79 17 3 1 0 
1639 1169 739 396 161 44 6 1 0 
1672 1202 765 419 179 53 10 1 0 
1406 948 558 264 86 18 3 1 0 
1421 960 568 270 87 18 3 1 0 
1320 873 501 232 76 17 3 1 0 
1620 1150 722 381 149 38 4 1 0 
1461 999 603 298 107 27 4 1 0 
1383 931 545 257 83 17 3 1 0 
1661 1191 755 410 172 48 6 1 0 
1226 787 437 192 62 15 3 1 0 
1594 1124 699 364 135 32 4 1 0 
1416 956 564 268 87 18 3 1 0 
1380 928 542 254 81 17 3 1 0 
1220 782 434 190 62 15 3 1 0 
1330 882 509 234 76 17 3 1 0 
1345 895 517 239 77 17 3 1 0 
1432 970 577 277 91 18 3 1 0 
1655 1185 751 406 169 47 6 1 0 
1234 795 443 198 63 15 3 1 0 
1377 925 539 253 81 17 3 1 0 
1608 1138 710 371 141 34 4 1 0 
1454 992 597 295 104 24 3 1 0 
1492 1029 627 314 110 27 4 1 0 
1565 1096 679 349 127 30 4 1 0 
1460 998 602 298 107 27 4 1 0 
1668 1198 761 415 176 51 8 1 0 
1269 826 468 213 67 15 3 1 0 
1261 819 463 211 66 15 3 1 0 
1228 789 439 194 62 15 3 1 0 
1306 859 491 227 75 16 3 1 0 
1635 1165 736 395 160 44 6 1 0 
1637 1167 737 395 160 44 6 1 0 
1463 1001 605 299 107 27 4 1 0 
1299 852 486 226 74 16 3 1 0 
1333 885 510 234 76 17 3 1 0 
1387 935 547 259 84 17 3 1 0 
1262 820 464 211 66 15 3 1 0 
1467 1005 607 300 107 27 4 1 0 
1638 1168 738 395 160 44 6 1 0 
1309 862 494 229 75 16 3 1 0 
1324 876 504 232 76 17 3 1 0 
1623 1153 725 384 152 40 5 1 0 
1518 1054 646 328 117 27 4 1 0 
1592 1122 697 363 134 32 4 1 0 
1653 1183 750 406 169 47 6 1 0 
1302 855 489 227 75 16 3 1 0 
1246 805 450 200 64 15 3 1 0 
1252 811 456 204 64 15 3 1 0 
1268 825 467 212 67 15 3 1 0 
1558 1089 673 345 126 29 4 1 0 
1531 1065 654 334 120 28 4 1 0 
1287 843 482 224 74 16 3 1 0 
1468 1006 608 301 107 27 4 1 0 
1431 969 577 277 91 18 3 1 0 
1554 1085 669 343 126 29 4 1 0 
1288 843 482 224 74 16 3 1 0 
1480 1018 620 310 108 27 4 1 0 
1384 932 545 257 83 17 3 1 0 
1681 1211 774 426 185 58 12 2 0 
1311 864 495 230 75 16 3 1 0 
1409 950 560 265 86 18 3 1 0 
1283 840 481 223 74 16 3 1 0 
1224 786 436 192 62 15 3 1 0 
1453 991 596 294 103 24 3 1 0 
1301 854 488 227 75 16 3 1 0 
1245 804 450 200 64 15 3 1 0 
1485 1023 623 312 109 27 4 1 0 
1215 778 430 189 62 15 3 1 0 
1272 829 470 215 68 15 3 1 0 
1329 881 508 234 76 17 3 1 0 
1626 1156 728 387 155 42 5 1 0 
1222 784 435 191 62 15 3 1 0 
1418 957 565 269 87 18 3 1 0 
1373 921 537 251 81 17 3 1 0 
1400 944 555 262 86 18 3 1 0 
1417 957 565 269 87 18 3 1 0 
1274 831 472 217 69 15 3 1 0 
1545 1079 665 343 126 29 4 1 0 
1633 1163 734 393 159 44 6 1 0 
1569 1100 680 350 128 31 4 1 0 
1658 1188 753 408 171 48 6 1 0 
1378 926 540 254 81 17 3 1 0 
1442 980 585 284 95 19 3 1 0 
1336 887 512 235 76 17 3 1 0 
1257 815 460 208 64 15 3 1 0 
1360 908 528 247 79 17 3 1 0 
1253 812 457 205 64 15 3 1 0 
1441 979 584 283 94 19 3 1 0 
1640 1170 740 397 162 44 6 1 0 
1510 1046 640 323 114 27 4 1 0 
1489 1027 625 314 110 27 4 1 0 
1477 1015 617 308 108 27 4 1 0 
1583 1114 691 357 130 32 4 1 0 
1526 1060 650 330 118 27 4 1 0 
1444 982 587 285 96 19 3 1 0 
1610 1140 712 372 141 34 4 1 0 
1490 1028 626 314 110 27 4 1 0 
1407 949 559 264 86 18 3 1 0 
1596 1126 701 366 136 32 4 1 0 
1520 1055 647 328 117 27 4 1 0 
1430 968 576 276 90 18 3 1 0 
1364 912 532 250 80 17 3 1 0 
1349 899 521 242 78 17 3 1 0 
1517 1053 646 328 117 27 4 1 0 
1566 1097 679 349 127 30 4 1 0 
1471 1009 611 303 107 27 4 1 0 
1629 1159 731 390 157 43 6 1 0 
1478 1016 618 308 108 27 4 1 0 
1678 1208 771 423 182 55 11 2 0 
1428 966 574 275 90 18 3 1 0 
1275 832 473 218 70 15 3 1 0 
1270 827 469 214 68 15 3 1 0 
1398 943 554 262 86 18 3 1 0 
1434 972 578 277 91 18 3 1 0 
1264 822 466 212 67 15 3 1 0 
1609 1139 711 371 141 34 4 1 0 
1446 984 589 287 98 20 3 1 0 
1472 1010 612 304 107 27 4 1 0 
1674 1204 767 421 180 53 10 1 0 
1317 870 500 232 76 17 3 1 0 
1456 994 599 297 106 26 3 1 0 
1599 1129 703 367 137 32 4 1 0 
1493 1030 628 315 110 27 4 1 0 
1651 1181 748 404 167 46 6 1 0 
1652 1182 749 405 168 46 6 1 0 
1298 851 486 226 74 16 3 1 0 
1534 1068 656 335 121 28 4 1 0 
1683 1213 776 428 187 60 14 2 0 
1552 1084 668 343 126 29 4 1 0 
1379 927 541 254 81 17 3 1 0 
1481 1019 620 310 108 27 4 1 0 
1372 920 536 251 81 17 3 1 0 
1338 889 513 235 76 17 3 1 0 
1394 940 551 261 85 17 3 1 0 
1438 976 582 281 93 19 3 1 0 
1374 922 538 252 81 17 3 1 0 
1347 897 519 241 77 17 3 1 0 
1403 946 557 263 86 18 3 1 0 
1221 783 434 190 62 15 3 1 0 
1581 1112 689 355 129 32 4 1 0 
1371 919 535 251 81 17 3 1 0 
1469 1007 609 302 107 27 4 1 0 
1666 1196 759 413 174 49 7 1 0 
1411 952 561 266 86 18 3 1 0 
1603 1133 705 367 137 32 4 1 0 
1591 1121 697 363 134 32 4 1 0 
1328 880 507 233 76 17 3 1 0 
1447 985 590 288 99 21 3 1 0 
1491 1028 626 314 110 27 4 1 0 
1564 1095 678 348 126 29 4 1 0 
1525 1059 650 330 118 27 4 1 0 
1470 1008 610 303 107 27 4 1 0 
1624 1154 726 385 153 40 5 1 0 
1540 1074 661 339 123 28 4 1 0 
1223 785 436 192 62 15 3 1 0 
1450 988 593 291 101 23 3 1 0 
1259 817 462 210 65 15 3 1 0 
1644 1174 744 400 165 45 6 1 0 
1555 1086 670 343 126 29 4 1 0 
1395 941 552 262 86 18 3 1 0 
1587 1118 694 360 132 32 4 1 0 
1365 913 533 251 81 17 3 1 0 
1339 890 514 236 76 17 3 1 0 
1606 1136 708 370 140 33 4 1 0 
1316 869 500 232 76 17 3 1 0 
1332 884 509 234 76 17 3 1 0 
1502 1038 634 318 112 27 4 1 0 
1436 974 580 279 92 19 3 1 0 
1556 1087 671 343 126 29 4 1 0 
1557 1088 672 344 126 29 4 1 0 
1415 955 564 268 87 18 3 1 0 
1507 1043 638 321 112 27 4 1 0 
1439 977 583 282 94 19 3 1 0 
1528 1062 652 332 119 28 4 1 0 
1546 1080 665 343 126 29 4 1 0 
1452 990 595 293 103 24 3 1 0 
1414 954 563 267 86 18 3 1 0 
1310 863 495 230 75 16 3 1 0 
1601 1131 704 367 137 32 4 1 0 
1369 917 533 251 81 17 3 1 0 
1657 1187 752 407 170 47 6 1 0 
1535 1069 657 335 121 28 4 1 0 
1367 915 533 251 81 17 3 1 0 
1303 856 490 227 75 16 3 1 0 
1586 1117 694 360 132 32 4 1 0 
1544 1078 665 343 126 29 4 1 0 
1435 973 579 278 92 19 3 1 0 
1514 1050 643 325 116 27 4 1 0 
1413 954 563 267 86 18 3 1 0 
1588 1119 695 361 133 32 4 1 0 
1589 1120 696 362 133 32 4 1 0 
1265 823 466 212 67 15 3 1 0 
1401 944 555 262 86 18 3 1 0 
1351 901 523 244 78 17 3 1 0 
1602 1132 705 367 137 32 4 1 0 
1318 871 500 232 76 17 3 1 0 
1433 971 577 277 91 18 3 1 0 
1322 874 502 232 76 17 3 1 0 
1571 1102 682 350 128 31 4 1 0 
1381 929 543 255 81 17 3 1 0 
1676 1206 769 422 181 54 10 1 0 
1314 867 498 231 75 16 3 1 0 
1236 796 444 198 63 15 3 1 0 
1464 1002 605 299 107 27 4 1 0 
333 184 298 430 105 146 106 330 232 451 427 7 343 80 423 61 99 341 166 222 44 223 113 413 103 357 380 50 205 302 3 143 211 316 369 246 186 150 336 45 142 67 468 469 193 280 11 138 31 385 122 14 450 9 311 250 420 79 174 441 248 114 241 253 319 51 426 227 273 170 163 129 57 87 361 230 355 94 289 39 416 68 389 198 0 329 60 82 124 179 236 467 432 202 127 145 393 331 265 391 196 158 208 66 226 130 449 147 313 215 132 296 121 444 203 89 406 417 32 411 308 437 455 394 340 440 459 238 370 456 335 161 15 322 1 239 282 125 293 352 108 345 257 52 183 309 69 351 42 25 364 255 261 200 81 454 350 102 62 276 457 332 140 213 424 20 136 363 88 225 218 447 373 310 362 228 285 271 354 234 30 115 359 425 75 131 378 421 233 287 107 262 436 252 320 118 160 299 157 111 104 267 119 199 383 168 323 95 434 162 155 396 64 281 269 189 397 286 77 149 294 109 324 19 327 419 242 259 101 27 191 159 402 326 154 398 400 386 408 438 209 463 178 231 256 371 86 292 58 339 171 34 347 374 197 172 247 237 277 180 53 117 100 390 412 59 195 274 344 435 219 217 10 270 41 93 315 92 279 2 429 403 291 177 169 433 439 22 207 431 409 120 133 442 290 235 415 152 110 405 210 384 464 181 24 37 337 399 38 36 126 407 300 73 461 221 28 304 190 18 401 187 33 165 254 175 376 206 192 204 16 96 452 4 353 307 182 83 220 268 141 194 360 156 358 342 139 388 112 56 26 29 8 460 366 47 317 278 387 135 91 349 23 458 65 465 448 404 151 134 13 240 85 224 216 381 21 201 258 372 325 356 375 48 334 123 284 318 212 462 116 245 70 76 297 49 249 418 90 303 395 348 377 17 229 392 188 185 263 6 443 260 98 422 382 466 144 445 148 137 367 288 167 78 5 272 72 414 63 306 244 410 164 379 84 214 35 176 266 264 295 128 453 243 275 54 46 251 321 446 74 97 338 428 12 314 55 305 312 283 346 301 173 365 71 368 153 43 40 328 
CHST 0.006777 13.828125
