470 8 1
1565 1099 674 337 118 27 2 1 0 
1687 1217 774 418 165 42 4 1 0 
1406 952 551 242 68 11 2 1 0 
1290 843 470 196 54 10 2 1 0 
1371 919 526 230 65 11 2 1 0 
1434 976 566 249 72 12 2 1 0 
1322 874 491 208 57 10 2 1 0 
1663 1194 754 398 148 33 3 1 0 
1467 1006 592 268 80 13 2 1 0 
1602 1134 701 352 121 28 3 1 0 
1642 1173 734 381 138 32 3 1 0 
1553 1087 662 325 108 22 2 1 0 
1427 969 562 249 72 12 2 1 0 
1363 911 522 228 64 11 2 1 0 
1347 897 511 223 62 10 2 1 0 
1259 814 448 183 51 10 2 1 0 
1274 829 459 191 52 10 2 1 0 
1369 917 525 230 65 11 2 1 0 
1366 914 525 230 65 11 2 1 0 
1236 792 433 178 51 10 2 1 0 
1281 836 464 195 54 10 2 1 0 
1386 932 535 234 65 11 2 1 0 
1676 1206 763 407 156 37 3 1 0 
1692 1222 778 422 169 45 6 1 0 
1472 1011 596 270 82 13 2 1 0 
1535 1069 647 311 99 20 2 1 0 
1457 997 584 261 76 12 2 1 0 
1679 1209 766 410 158 39 3 1 0 
1569 1103 678 338 119 28 3 1 0 
1539 1073 650 314 101 20 2 1 0 
1402 948 547 239 68 11 2 1 0 
1493 1029 611 282 85 14 2 1 0 
1568 1102 677 338 119 28 3 1 0 
1523 1058 637 304 97 18 2 1 0 
1657 1188 749 393 145 33 3 1 0 
1398 944 544 239 68 11 2 1 0 
1542 1076 653 316 102 20 2 1 0 
1381 927 531 230 65 11 2 1 0 
1481 1018 601 274 84 14 2 1 0 
1261 816 450 185 51 10 2 1 0 
1504 1040 620 289 89 15 2 1 0 
1609 1141 708 357 123 28 3 1 0 
1410 955 553 244 69 11 2 1 0 
1299 852 477 201 55 10 2 1 0 
1567 1101 676 338 119 28 3 1 0 
1616 1148 715 364 129 29 3 1 0 
1324 876 493 210 57 10 2 1 0 
1571 1104 678 338 119 28 3 1 0 
1650 1181 742 388 141 32 3 1 0 
1288 842 470 196 54 10 2 1 0 
1555 1089 664 327 109 22 2 1 0 
1575 1108 680 339 119 28 3 1 0 
1673 1203 760 404 153 36 3 1 0 
1304 857 480 202 55 10 2 1 0 
1471 1010 595 269 81 13 2 1 0 
1245 800 439 179 51 10 2 1 0 
1519 1054 633 300 94 16 2 1 0 
1600 1132 700 352 121 28 3 1 0 
1686 1216 773 417 164 41 4 1 0 
1412 957 555 245 70 11 2 1 0 
1664 1195 755 399 149 33 3 1 0 
1503 1039 619 289 89 15 2 1 0 
1303 856 480 202 55 10 2 1 0 
1364 912 523 228 64 11 2 1 0 
1651 1182 743 389 142 32 3 1 0 
1520 1055 634 301 95 16 2 1 0 
1380 926 530 230 65 11 2 1 0 
1397 943 543 238 67 11 2 1 0 
1492 1028 610 281 85 14 2 1 0 
1559 1093 668 331 112 23 2 1 0 
1428 970 563 249 72 12 2 1 0 
1450 990 577 256 72 12 2 1 0 
1594 1126 696 349 120 28 3 1 0 
1652 1183 744 390 143 33 3 1 0 
1584 1117 688 342 119 28 3 1 0 
1313 866 487 206 57 10 2 1 0 
1348 898 511 223 62 10 2 1 0 
1358 907 519 228 64 11 2 1 0 
1328 880 497 213 58 10 2 1 0 
1464 1003 590 266 79 13 2 1 0 
1338 888 504 218 60 10 2 1 0 
1484 1021 604 276 84 14 2 1 0 
1460 1000 587 263 77 13 2 1 0 
1387 933 536 235 66 11 2 1 0 
1591 1123 693 347 120 28 3 1 0 
1580 1113 684 341 119 28 3 1 0 
1631 1162 725 374 133 29 3 1 0 
1430 972 564 249 72 12 2 1 0 
1286 841 469 196 54 10 2 1 0 
1698 1228 784 428 175 48 7 1 0 
1488 1025 608 279 84 14 2 1 0 
1388 934 536 235 66 11 2 1 0 
1437 978 568 250 72 12 2 1 0 
1312 865 487 206 57 10 2 1 0 
1256 811 446 182 51 10 2 1 0 
1509 1045 624 292 91 15 2 1 0 
1629 1160 725 374 133 29 3 1 0 
1592 1124 694 347 120 28 3 1 0 
1349 899 511 223 62 10 2 1 0 
1531 1066 644 309 99 20 2 1 0 
1396 942 542 238 67 11 2 1 0 
1597 1129 698 350 120 28 3 1 0 
1537 1071 649 313 100 20 2 1 0 
1572 1105 679 339 119 28 3 1 0 
1351 900 512 224 63 10 2 1 0 
1685 1215 772 416 163 40 4 1 0 
1490 1026 609 280 84 14 2 1 0 
1644 1175 736 383 139 32 3 1 0 
1282 837 465 195 54 10 2 1 0 
1586 1119 690 344 119 28 3 1 0 
1238 794 434 178 51 10 2 1 0 
1232 788 431 178 51 10 2 1 0 
1394 940 541 238 67 11 2 1 0 
1468 1007 592 268 80 13 2 1 0 
1613 1145 712 361 126 28 3 1 0 
1497 1033 614 284 86 14 2 1 0 
1517 1053 632 299 94 16 2 1 0 
1576 1109 681 339 119 28 3 1 0 
1682 1212 769 413 161 40 4 1 0 
1593 1125 695 348 120 28 3 1 0 
1599 1131 700 352 121 28 3 1 0 
1688 1218 774 418 165 42 4 1 0 
1350 899 511 223 62 10 2 1 0 
1501 1037 617 287 88 14 2 1 0 
1253 808 444 181 51 10 2 1 0 
1611 1143 710 359 125 28 3 1 0 
1285 840 468 195 54 10 2 1 0 
1455 995 582 260 75 12 2 1 0 
1352 901 513 225 64 11 2 1 0 
1301 854 479 202 55 10 2 1 0 
1649 1180 741 388 141 32 3 1 0 
1628 1159 724 373 132 29 3 1 0 
1665 1196 756 400 150 34 3 1 0 
1552 1086 661 324 107 21 2 1 0 
1598 1130 699 351 121 28 3 1 0 
1634 1165 728 375 133 29 3 1 0 
1578 1111 682 340 119 28 3 1 0 
1646 1177 738 385 140 32 3 1 0 
1690 1220 776 420 167 44 5 1 0 
1415 958 556 245 70 11 2 1 0 
1536 1070 648 312 99 20 2 1 0 
1452 992 579 258 73 12 2 1 0 
1325 877 494 210 57 10 2 1 0 
1541 1075 652 315 101 20 2 1 0 
1289 842 470 196 54 10 2 1 0 
1604 1136 703 352 121 28 3 1 0 
1454 994 581 259 74 12 2 1 0 
1306 859 482 204 56 10 2 1 0 
1332 883 499 214 58 10 2 1 0 
1242 797 436 179 51 10 2 1 0 
1237 793 433 178 51 10 2 1 0 
1588 1121 692 346 119 28 3 1 0 
1545 1079 655 318 103 20 2 1 0 
1345 895 509 222 61 10 2 1 0 
1544 1078 654 317 102 20 2 1 0 
1265 820 453 187 51 10 2 1 0 
1643 1174 735 382 138 32 3 1 0 
1379 925 529 230 65 11 2 1 0 
1625 1156 722 371 132 29 3 1 0 
1323 875 492 209 57 10 2 1 0 
1510 1046 625 293 91 15 2 1 0 
1473 1011 596 270 82 13 2 1 0 
1337 888 504 218 60 10 2 1 0 
1453 993 580 259 74 12 2 1 0 
1579 1112 683 341 119 28 3 1 0 
1321 873 491 208 57 10 2 1 0 
1656 1187 748 392 144 33 3 1 0 
1250 805 442 180 51 10 2 1 0 
1459 999 586 262 77 13 2 1 0 
1309 862 485 206 57 10 2 1 0 
1389 935 537 235 66 11 2 1 0 
1615 1147 714 363 128 28 3 1 0 
1252 807 443 180 51 10 2 1 0 
1431 973 564 249 72 12 2 1 0 
1671 1201 758 402 151 35 3 1 0 
1669 1200 758 402 151 35 3 1 0 
1654 1185 746 391 144 33 3 1 0 
1294 847 473 198 54 10 2 1 0 
1606 1138 705 354 122 28 3 1 0 
1585 1118 689 343 119 28 3 1 0 
1372 920 527 230 65 11 2 1 0 
1420 962 559 246 70 11 2 1 0 
1436 977 567 249 72 12 2 1 0 
1311 864 486 206 57 10 2 1 0 
1525 1060 639 304 97 18 2 1 0 
1370 918 526 230 65 11 2 1 0 
1560 1094 669 332 113 24 2 1 0 
1694 1224 780 424 171 46 6 1 0 
1300 853 478 202 55 10 2 1 0 
1409 954 553 244 69 11 2 1 0 
1284 839 467 195 54 10 2 1 0 
1272 827 458 191 52 10 2 1 0 
1691 1221 777 421 168 44 5 1 0 
1374 922 527 230 65 11 2 1 0 
1465 1004 590 266 79 13 2 1 0 
1239 795 435 178 51 10 2 1 0 
1469 1008 593 268 80 13 2 1 0 
1618 1150 716 365 130 29 3 1 0 
1392 938 540 237 67 11 2 1 0 
1479 1016 599 272 83 14 2 1 0 
1641 1172 733 380 138 32 3 1 0 
1302 855 480 202 55 10 2 1 0 
1243 798 437 179 51 10 2 1 0 
1343 893 508 221 61 10 2 1 0 
1487 1024 607 279 84 14 2 1 0 
1441 981 570 251 72 12 2 1 0 
1636 1167 730 377 135 30 3 1 0 
1533 1068 646 310 99 20 2 1 0 
1500 1036 616 286 87 14 2 1 0 
1697 1227 783 427 174 47 7 1 0 
1246 801 439 179 51 10 2 1 0 
1638 1169 731 378 136 31 3 1 0 
1293 846 473 198 54 10 2 1 0 
1683 1213 770 414 161 40 4 1 0 
1317 870 489 207 57 10 2 1 0 
1689 1219 775 419 166 43 4 1 0 
1658 1189 749 393 145 33 3 1 0 
1678 1208 765 409 157 38 3 1 0 
1558 1092 667 330 111 23 2 1 0 
1373 921 527 230 65 11 2 1 0 
1699 1229 785 429 176 49 8 1 0 
1512 1048 627 294 91 15 2 1 0 
1693 1223 779 423 170 45 6 1 0 
1407 953 552 243 68 11 2 1 0 
1522 1057 636 303 96 17 2 1 0 
1561 1095 670 333 114 25 2 1 0 
1280 835 464 195 54 10 2 1 0 
1549 1083 658 321 104 20 2 1 0 
1341 891 506 219 60 10 2 1 0 
1660 1191 751 395 146 33 3 1 0 
1417 960 558 246 70 11 2 1 0 
1612 1144 711 360 125 28 3 1 0 
1251 806 442 180 51 10 2 1 0 
1456 996 583 261 76 12 2 1 0 
1270 825 457 190 52 10 2 1 0 
1356 905 517 227 64 11 2 1 0 
1475 1013 598 272 83 14 2 1 0 
1446 986 573 253 72 12 2 1 0 
1292 845 472 197 54 10 2 1 0 
1543 1077 653 316 102 20 2 1 0 
1334 885 501 216 59 10 2 1 0 
1508 1044 623 291 90 15 2 1 0 
1326 878 495 211 57 10 2 1 0 
1269 824 456 190 52 10 2 1 0 
1405 951 550 241 68 11 2 1 0 
1416 959 557 245 70 11 2 1 0 
1577 1110 682 340 119 28 3 1 0 
1505 1041 621 290 90 15 2 1 0 
1354 903 515 226 64 11 2 1 0 
1605 1137 704 353 122 28 3 1 0 
1547 1081 657 320 104 20 2 1 0 
1534 1069 647 311 99 20 2 1 0 
1573 1106 680 339 119 28 3 1 0 
1476 1013 598 272 83 14 2 1 0 
1518 1054 633 300 94 16 2 1 0 
1376 924 529 230 65 11 2 1 0 
1310 863 485 206 57 10 2 1 0 
1680 1210 767 411 159 39 3 1 0 
1574 1107 680 339 119 28 3 1 0 
1670 1200 758 402 151 35 3 1 0 
1583 1116 687 341 119 28 3 1 0 
1429 971 564 249 72 12 2 1 0 
1462 1002 589 265 78 13 2 1 0 
1478 1015 598 272 83 14 2 1 0 
1675 1205 762 406 155 36 3 1 0 
1480 1017 600 273 83 14 2 1 0 
1695 1225 781 425 172 46 6 1 0 
1653 1184 745 390 143 33 3 1 0 
1440 980 570 251 72 12 2 1 0 
1244 799 438 179 51 10 2 1 0 
1496 1032 613 283 86 14 2 1 0 
1674 1204 761 405 154 36 3 1 0 
1399 945 544 239 68 11 2 1 0 
1507 1043 622 291 90 15 2 1 0 
1637 1168 731 378 136 31 3 1 0 
1262 817 451 186 51 10 2 1 0 
1608 1140 707 356 122 28 3 1 0 
1271 826 458 191 52 10 2 1 0 
1447 987 574 254 72 12 2 1 0 
1340 890 505 218 60 10 2 1 0 
1485 1022 605 277 84 14 2 1 0 
1521 1056 635 302 96 17 2 1 0 
1257 812 447 182 51 10 2 1 0 
1630 1161 725 374 133 29 3 1 0 
1287 842 470 196 54 10 2 1 0 
1442 982 571 251 72 12 2 1 0 
1540 1074 651 314 101 20 2 1 0 
1563 1097 672 335 116 25 2 1 0 
1360 909 520 228 64 11 2 1 0 
1448 988 575 255 72 12 2 1 0 
1526 1061 640 305 97 18 2 1 0 
1620 1151 717 366 131 29 3 1 0 
1235 791 432 178 51 10 2 1 0 
1502 1038 618 288 89 15 2 1 0 
1514 1050 629 296 92 15 2 1 0 
1346 896 510 222 61 10 2 1 0 
1635 1166 729 376 134 30 3 1 0 
1633 1164 727 374 133 29 3 1 0 
1403 949 548 239 68 11 2 1 0 
1419 961 558 246 70 11 2 1 0 
1330 881 498 213 58 10 2 1 0 
1515 1051 630 297 93 15 2 1 0 
1283 838 466 195 54 10 2 1 0 
1401 947 546 239 68 11 2 1 0 
1486 1023 606 278 84 14 2 1 0 
1461 1001 588 264 77 13 2 1 0 
1331 882 498 213 58 10 2 1 0 
1619 1151 717 366 131 29 3 1 0 
1666 1197 757 401 151 35 3 1 0 
1582 1115 686 341 119 28 3 1 0 
1627 1158 723 372 132 29 3 1 0 
1466 1005 591 267 79 13 2 1 0 
1247 802 440 180 51 10 2 1 0 
1231 787 431 178 51 10 2 1 0 
1234 790 432 178 51 10 2 1 0 
1395 941 542 238 67 11 2 1 0 
1566 1100 675 338 119 28 3 1 0 
1554 1088 663 326 109 22 2 1 0 
1400 946 545 239 68 11 2 1 0 
1254 809 445 181 51 10 2 1 0 
1368 916 525 230 65 11 2 1 0 
1529 1064 643 308 98 19 2 1 0 
1645 1176 737 384 139 32 3 1 0 
1506 1042 622 291 90 15 2 1 0 
1661 1192 752 396 146 33 3 1 0 
1470 1009 594 269 81 13 2 1 0 
1316 869 488 206 57 10 2 1 0 
1528 1063 642 307 98 19 2 1 0 
1263 818 451 186 51 10 2 1 0 
1564 1098 673 336 117 26 2 1 0 
1342 892 507 220 61 10 2 1 0 
1248 803 440 180 51 10 2 1 0 
1411 956 554 244 69 11 2 1 0 
1295 848 474 199 54 10 2 1 0 
1258 813 448 183 51 10 2 1 0 
1333 884 500 215 58 10 2 1 0 
1621 1152 718 367 131 29 3 1 0 
1279 834 464 195 54 10 2 1 0 
1277 832 462 193 52 10 2 1 0 
1443 983 572 252 72 12 2 1 0 
1318 871 490 207 57 10 2 1 0 
1266 821 454 188 51 10 2 1 0 
1562 1096 671 334 115 25 2 1 0 
1355 904 516 227 64 11 2 1 0 
1684 1214 771 415 162 40 4 1 0 
1530 1065 644 309 99 20 2 1 0 
1662 1193 753 397 147 33 3 1 0 
1444 984 572 252 72 12 2 1 0 
1307 860 483 205 56 10 2 1 0 
1489 1025 608 279 84 14 2 1 0 
1233 789 431 178 51 10 2 1 0 
1477 1014 598 272 83 14 2 1 0 
1249 804 441 180 51 10 2 1 0 
1276 831 461 192 52 10 2 1 0 
1681 1211 768 412 160 40 4 1 0 
1601 1133 701 352 121 28 3 1 0 
1393 939 541 238 67 11 2 1 0 
1404 950 549 240 68 11 2 1 0 
1423 965 561 248 71 12 2 1 0 
1648 1179 740 387 140 32 3 1 0 
1308 861 484 205 56 10 2 1 0 
1546 1080 656 319 103 20 2 1 0 
1362 910 521 228 64 11 2 1 0 
1414 958 556 245 70 11 2 1 0 
1607 1139 706 355 122 28 3 1 0 
1668 1199 757 401 151 35 3 1 0 
1432 974 565 249 72 12 2 1 0 
1297 850 475 200 55 10 2 1 0 
1296 849 475 200 55 10 2 1 0 
1667 1198 757 401 151 35 3 1 0 
1445 985 573 253 72 12 2 1 0 
1639 1170 732 379 137 32 3 1 0 
1483 1020 603 276 84 14 2 1 0 
1610 1142 709 358 124 28 3 1 0 
1672 1202 759 403 152 36 3 1 0 
1439 980 570 251 72 12 2 1 0 
1335 886 502 216 59 10 2 1 0 
1267 822 455 189 52 10 2 1 0 
1413 957 555 245 70 11 2 1 0 
1260 815 449 184 51 10 2 1 0 
1240 796 436 179 51 10 2 1 0 
1538 1072 650 314 101 20 2 1 0 
1336 887 503 217 59 10 2 1 0 
1557 1091 666 329 110 23 2 1 0 
1659 1190 750 394 145 33 3 1 0 
1494 1030 612 283 86 14 2 1 0 
1700 1230 786 430 177 50 9 1 0 
1617 1149 715 364 129 29 3 1 0 
1365 913 524 229 64 11 2 1 0 
1626 1157 723 372 132 29 3 1 0 
1623 1154 720 369 131 29 3 1 0 
1418 960 558 246 70 11 2 1 0 
1590 1122 692 346 119 28 3 1 0 
1677 1207 764 408 157 38 3 1 0 
1378 925 529 230 65 11 2 1 0 
1451 991 578 257 72 12 2 1 0 
1640 1171 732 379 137 32 3 1 0 
1425 967 562 249 72 12 2 1 0 
1329 881 498 213 58 10 2 1 0 
1298 851 476 200 55 10 2 1 0 
1458 998 585 262 77 13 2 1 0 
1438 979 569 250 72 12 2 1 0 
1516 1052 631 298 94 16 2 1 0 
1327 879 496 212 57 10 2 1 0 
1339 889 505 218 60 10 2 1 0 
1375 923 528 230 65 11 2 1 0 
1435 976 566 249 72 12 2 1 0 
1556 1090 665 328 110 23 2 1 0 
1624 1155 721 370 131 29 3 1 0 
1314 867 487 206 57 10 2 1 0 
1596 1128 697 349 120 28 3 1 0 
1581 1114 685 341 119 28 3 1 0 
1482 1019 602 275 84 14 2 1 0 
1551 1085 660 323 106 21 2 1 0 
1361 910 521 228 64 11 2 1 0 
1384 930 534 233 65 11 2 1 0 
1647 1178 739 386 140 32 3 1 0 
1527 1062 641 306 97 18 2 1 0 
1622 1153 719 368 131 29 3 1 0 
1603 1135 702 352 121 28 3 1 0 
1264 819 452 186 51 10 2 1 0 
1696 1226 782 426 173 47 7 1 0 
1513 1049 628 295 92 15 2 1 0 
1449 989 576 255 72 12 2 1 0 
1367 915 525 230 65 11 2 1 0 
1320 872 490 207 57 10 2 1 0 
1421 963 560 247 71 12 2 1 0 
1426 968 562 249 72 12 2 1 0 
1511 1047 626 294 91 15 2 1 0 
1614 1146 713 362 127 28 3 1 0 
1495 1031 613 283 86 14 2 1 0 
1491 1027 610 281 85 14 2 1 0 
1359 908 519 228 64 11 2 1 0 
1275 830 460 191 52 10 2 1 0 
1385 931 534 233 65 11 2 1 0 
1357 906 518 227 64 11 2 1 0 
1273 828 458 191 52 10 2 1 0 
1408 954 553 244 69 11 2 1 0 
1268 823 456 190 52 10 2 1 0 
1353 902 514 225 64 11 2 1 0 
1377 924 529 230 65 11 2 1 0 
1550 1084 659 322 105 20 2 1 0 
1391 937 539 236 67 11 2 1 0 
1463 1003 590 266 79 13 2 1 0 
1383 929 533 232 65 11 2 1 0 
1433 975 566 249 72 12 2 1 0 
1632 1163 726 374 133 29 3 1 0 
1570 1103 678 338 119 28 3 1 0 
1424 966 562 249 72 12 2 1 0 
1344 894 509 222 61 10 2 1 0 
1422 964 560 247 71 12 2 1 0 
1382 928 532 231 65 11 2 1 0 
1305 858 481 203 56 10 2 1 0 
1548 1082 657 320 104 20 2 1 0 
1390 936 538 236 67 11 2 1 0 
1587 1120 691 345 119 28 3 1 0 
1589 1121 692 346 119 28 3 1 0 
1241 797 436 179 51 10 2 1 0 
1319 871 490 207 57 10 2 1 0 
1315 868 487 206 57 10 2 1 0 
1595 1127 697 349 120 28 3 1 0 
1498 1034 615 285 86 14 2 1 0 
1255 810 446 182 51 10 2 1 0 
1499 1035 615 285 86 14 2 1 0 
1532 1067 645 309 99 20 2 1 0 
1278 833 463 194 53 10 2 1 0 
1655 1186 747 392 144 33 3 1 0 
1474 1012 597 271 82 13 2 1 0 
1291 844 471 196 54 10 2 1 0 
1524 1059 638 304 97 18 2 1 0 
313 316 18 380 448 337 92 236 134 343 312 307 336 400 185 247 368 35 164 78 386 352 438 162 351 381 120 178 331 147 334 277 77 127 73 314 14 323 443 226 34 375 284 20 345 8 176 230 214 45 286 391 180 460 39 152 61 188 43 228 124 353 96 302 186 464 159 355 57 70 218 272 467 356 143 128 44 1 261 58 389 111 191 112 55 372 175 109 190 32 202 268 393 292 426 169 54 46 342 281 22 315 219 289 399 414 287 76 423 69 321 398 24 428 130 235 296 107 201 16 320 271 221 293 366 402 174 23 251 455 371 108 215 246 374 436 65 431 80 350 119 49 339 36 90 212 4 318 349 87 449 264 445 38 282 295 446 457 429 144 332 21 461 257 395 358 183 340 263 452 59 99 303 465 435 66 418 405 379 401 319 10 370 203 285 238 458 154 163 98 197 102 170 129 231 274 425 433 171 322 155 138 463 410 367 291 167 390 9 252 41 255 28 354 146 442 224 262 7 447 15 60 151 232 363 278 211 117 27 299 328 83 256 216 100 335 67 85 254 148 160 89 466 81 123 369 258 422 52 0 133 64 126 2 47 223 298 361 125 288 394 439 192 419 468 413 25 118 248 346 421 141 113 74 411 437 440 311 181 283 306 86 229 341 207 403 193 377 48 227 3 430 415 33 153 290 434 359 357 166 365 88 324 62 156 396 417 243 424 199 240 168 145 276 19 82 325 116 189 131 75 348 397 333 404 233 177 416 132 50 327 360 91 17 161 72 456 273 300 51 329 245 362 84 208 53 253 93 275 187 266 165 206 249 308 432 213 63 5 242 409 310 105 382 407 179 373 406 462 158 13 142 196 387 338 330 265 270 259 383 210 139 450 250 408 106 453 378 121 459 301 114 195 326 94 392 149 182 172 198 280 217 31 317 205 269 40 297 6 451 11 427 140 150 469 347 384 239 37 244 103 454 267 412 304 56 222 441 122 26 184 157 95 204 79 71 444 194 97 234 279 385 225 173 135 42 420 305 364 29 110 200 136 209 260 115 104 30 376 68 101 12 220 237 309 344 137 241 294 388 
CHST 0.006582 13.828125
