470 8 1
1159 724 374 152 44 10 3 1 0 
1592 1122 690 343 132 36 7 1 0 
1418 959 563 257 87 21 4 1 0 
1189 751 399 166 52 11 3 1 0 
1314 864 483 219 75 19 4 1 0 
1534 1066 645 307 114 27 4 1 0 
1429 969 570 259 88 21 4 1 0 
1538 1070 648 309 116 28 4 1 0 
1419 960 564 258 88 21 4 1 0 
1365 914 523 241 82 19 4 1 0 
1456 992 591 270 92 21 4 1 0 
1390 934 540 249 87 21 4 1 0 
1469 1004 598 276 95 22 4 1 0 
1320 870 488 221 75 19 4 1 0 
1424 964 565 258 88 21 4 1 0 
1222 782 422 179 54 11 3 1 0 
1253 812 446 195 62 12 3 1 0 
1341 891 505 228 77 19 4 1 0 
1340 890 504 228 77 19 4 1 0 
1203 765 408 172 52 11 3 1 0 
1178 741 390 164 52 11 3 1 0 
1361 910 519 237 79 19 4 1 0 
1539 1071 649 309 116 28 4 1 0 
1569 1099 671 327 124 32 5 1 0 
1406 949 554 252 87 21 4 1 0 
1545 1077 653 312 118 30 5 1 0 
1524 1057 636 302 112 26 4 1 0 
1613 1143 709 360 140 38 8 2 0 
1287 843 470 213 73 19 4 1 0 
1582 1112 681 334 127 34 6 1 0 
1403 946 551 251 87 21 4 1 0 
1542 1074 651 310 117 29 5 1 0 
1297 852 476 214 73 19 4 1 0 
1392 936 542 249 87 21 4 1 0 
1623 1153 719 369 147 42 8 2 0 
1398 941 547 251 87 21 4 1 0 
1452 988 587 268 90 21 4 1 0 
1348 897 508 229 77 19 4 1 0 
1511 1044 626 295 108 25 4 1 0 
1176 739 388 164 52 11 3 1 0 
1244 803 438 188 58 11 3 1 0 
1597 1127 694 347 135 37 8 2 0 
1301 856 480 217 74 19 4 1 0 
1188 750 398 166 52 11 3 1 0 
1323 873 490 221 75 19 4 1 0 
1345 895 507 229 77 19 4 1 0 
1379 925 532 245 85 20 4 1 0 
1285 842 470 213 73 19 4 1 0 
1608 1138 704 357 139 38 8 2 0 
1196 758 403 169 52 11 3 1 0 
1416 957 561 256 87 21 4 1 0 
1356 905 515 235 78 19 4 1 0 
1488 1021 610 286 101 24 4 1 0 
1237 796 433 185 57 11 3 1 0 
1410 953 558 253 87 21 4 1 0 
1255 814 448 196 63 13 3 1 0 
1558 1088 660 318 121 32 5 1 0 
1482 1015 604 280 96 23 4 1 0 
1591 1121 689 342 132 36 7 1 0 
1437 975 575 261 88 21 4 1 0 
1599 1129 696 349 135 37 8 2 0 
1199 761 405 170 52 11 3 1 0 
1232 791 429 183 56 11 3 1 0 
1326 876 492 221 75 19 4 1 0 
1611 1141 707 358 139 38 8 2 0 
1555 1086 660 318 121 32 5 1 0 
1362 911 520 238 80 19 4 1 0 
1333 883 498 224 75 19 4 1 0 
1375 922 529 244 85 20 4 1 0 
1449 986 585 267 90 21 4 1 0 
1532 1065 644 306 114 27 4 1 0 
1509 1042 624 293 107 25 4 1 0 
1349 898 508 229 77 19 4 1 0 
1605 1135 701 354 137 37 8 2 0 
1322 872 489 221 75 19 4 1 0 
1385 929 536 248 86 20 4 1 0 
1420 961 564 258 88 21 4 1 0 
1325 875 491 221 75 19 4 1 0 
1193 755 400 166 52 11 3 1 0 
1414 955 560 255 87 21 4 1 0 
1168 732 381 158 48 10 3 1 0 
1512 1045 627 296 108 25 4 1 0 
1547 1078 654 313 119 30 5 1 0 
1478 1011 600 277 95 22 4 1 0 
1295 850 474 214 73 19 4 1 0 
1296 851 475 214 73 19 4 1 0 
1525 1058 637 302 112 26 4 1 0 
1470 1005 598 276 95 22 4 1 0 
1192 754 399 166 52 11 3 1 0 
1173 737 386 163 51 10 3 1 0 
1370 918 527 244 85 20 4 1 0 
1479 1012 601 277 95 22 4 1 0 
1498 1031 617 290 105 25 4 1 0 
1383 928 535 247 86 20 4 1 0 
1214 774 415 175 54 11 3 1 0 
1247 806 441 191 60 11 3 1 0 
1504 1037 620 292 107 25 4 1 0 
1339 889 503 227 77 19 4 1 0 
1422 963 565 258 88 21 4 1 0 
1583 1113 681 334 127 34 6 1 0 
1330 880 495 223 75 19 4 1 0 
1337 887 501 227 77 19 4 1 0 
1391 935 541 249 87 21 4 1 0 
1358 907 516 235 78 19 4 1 0 
1396 939 545 250 87 21 4 1 0 
1556 1087 660 318 121 32 5 1 0 
1562 1092 664 322 122 32 5 1 0 
1616 1146 712 362 142 38 8 2 0 
1174 738 387 164 52 11 3 1 0 
1294 849 473 214 73 19 4 1 0 
1217 777 418 176 54 11 3 1 0 
1220 780 421 178 54 11 3 1 0 
1335 885 499 225 75 19 4 1 0 
1393 937 543 250 87 21 4 1 0 
1603 1133 699 352 135 37 8 2 0 
1540 1072 650 310 117 29 5 1 0 
1567 1097 669 325 124 32 5 1 0 
1355 904 514 234 78 19 4 1 0 
1561 1091 663 321 121 32 5 1 0 
1298 853 477 215 73 19 4 1 0 
1336 886 500 226 76 19 4 1 0 
1593 1123 691 344 133 36 7 1 0 
1423 963 565 258 88 21 4 1 0 
1568 1098 670 326 124 32 5 1 0 
1226 786 425 182 55 11 3 1 0 
1281 838 467 211 73 19 4 1 0 
1180 743 392 164 52 11 3 1 0 
1438 976 575 261 88 21 4 1 0 
1305 858 481 218 75 19 4 1 0 
1187 749 398 166 52 11 3 1 0 
1609 1139 705 357 139 38 8 2 0 
1501 1034 619 292 107 25 4 1 0 
1606 1136 702 355 138 37 8 2 0 
1571 1101 672 328 125 32 5 1 0 
1359 908 517 235 78 19 4 1 0 
1528 1061 640 303 112 26 4 1 0 
1292 847 473 214 73 19 4 1 0 
1462 998 595 273 92 21 4 1 0 
1588 1118 686 339 130 35 6 1 0 
1434 973 573 260 88 21 4 1 0 
1578 1108 678 333 127 34 6 1 0 
1502 1035 619 292 107 25 4 1 0 
1378 924 531 245 85 20 4 1 0 
1577 1107 677 332 126 33 6 1 0 
1191 753 399 166 52 11 3 1 0 
1612 1142 708 359 139 38 8 2 0 
1427 967 568 258 88 21 4 1 0 
1265 823 455 202 65 14 3 1 0 
1231 790 428 183 56 11 3 1 0 
1208 769 411 174 54 11 3 1 0 
1204 766 408 172 52 11 3 1 0 
1290 845 472 213 73 19 4 1 0 
1576 1106 676 331 126 33 6 1 0 
1444 982 581 264 88 21 4 1 0 
1389 933 539 249 87 21 4 1 0 
1249 808 443 193 62 12 3 1 0 
1607 1137 703 356 139 38 8 2 0 
1311 862 483 219 75 19 4 1 0 
1527 1060 639 302 112 26 4 1 0 
1480 1013 602 278 95 22 4 1 0 
1243 802 437 187 58 11 3 1 0 
1407 950 555 252 87 21 4 1 0 
1167 732 381 158 48 10 3 1 0 
1441 979 578 261 88 21 4 1 0 
1280 837 466 211 73 19 4 1 0 
1425 965 566 258 88 21 4 1 0 
1625 1155 720 370 148 42 8 2 0 
1185 747 396 165 52 11 3 1 0 
1550 1081 657 315 119 30 5 1 0 
1428 968 569 259 88 21 4 1 0 
1474 1009 599 276 95 22 4 1 0 
1604 1134 700 353 136 37 8 2 0 
1195 757 402 168 52 11 3 1 0 
1472 1007 599 276 95 22 4 1 0 
1465 1000 596 274 93 21 4 1 0 
1463 999 596 274 93 21 4 1 0 
1598 1128 695 348 135 37 8 2 0 
1162 727 377 155 45 10 3 1 0 
1602 1132 698 351 135 37 8 2 0 
1328 878 494 222 75 19 4 1 0 
1343 893 506 228 77 19 4 1 0 
1440 978 577 261 88 21 4 1 0 
1517 1050 632 300 111 26 4 1 0 
1384 928 535 247 86 20 4 1 0 
1401 944 549 251 87 21 4 1 0 
1315 865 483 219 75 19 4 1 0 
1570 1100 672 328 125 32 5 1 0 
1594 1124 692 345 133 36 7 1 0 
1245 804 439 189 59 11 3 1 0 
1302 856 480 217 74 19 4 1 0 
1194 756 401 167 52 11 3 1 0 
1252 811 445 194 62 12 3 1 0 
1586 1116 684 337 128 35 6 1 0 
1360 909 518 236 79 19 4 1 0 
1415 956 560 255 87 21 4 1 0 
1205 767 409 172 52 11 3 1 0 
1397 940 546 250 87 21 4 1 0 
1508 1041 623 293 107 25 4 1 0 
1331 881 496 224 75 19 4 1 0 
1493 1026 614 290 105 25 4 1 0 
1487 1020 609 285 100 24 4 1 0 
1233 792 430 183 56 11 3 1 0 
1210 771 412 174 54 11 3 1 0 
1443 981 580 263 88 21 4 1 0 
1371 918 527 244 85 20 4 1 0 
1475 1010 600 277 95 22 4 1 0 
1510 1043 625 294 107 25 4 1 0 
1580 1110 680 334 127 34 6 1 0 
1563 1093 665 323 123 32 5 1 0 
1275 832 463 210 72 18 3 1 0 
1257 815 448 196 63 13 3 1 0 
1513 1046 628 297 109 25 4 1 0 
1183 745 394 165 52 11 3 1 0 
1554 1085 659 317 121 32 5 1 0 
1433 972 572 259 88 21 4 1 0 
1590 1120 688 341 131 36 7 1 0 
1624 1154 719 369 147 42 8 2 0 
1618 1148 714 364 144 39 8 2 0 
1574 1104 674 329 126 33 6 1 0 
1342 892 505 228 77 19 4 1 0 
1627 1157 722 372 150 43 9 2 0 
1242 801 437 187 58 11 3 1 0 
1559 1089 661 319 121 32 5 1 0 
1455 991 590 270 92 21 4 1 0 
1566 1096 668 325 124 32 5 1 0 
1172 736 385 162 50 10 3 1 0 
1175 738 387 164 52 11 3 1 0 
1408 951 556 252 87 21 4 1 0 
1170 734 383 160 48 10 3 1 0 
1621 1151 717 367 145 40 8 2 0 
1446 983 582 265 88 21 4 1 0 
1595 1125 693 346 134 37 8 2 0 
1200 762 406 171 52 11 3 1 0 
1523 1056 635 302 112 26 4 1 0 
1263 821 453 200 64 14 3 1 0 
1306 859 481 218 75 19 4 1 0 
1494 1027 614 290 105 25 4 1 0 
1518 1051 633 301 111 26 4 1 0 
1179 742 391 164 52 11 3 1 0 
1405 948 553 252 87 21 4 1 0 
1164 729 379 157 47 10 3 1 0 
1238 797 434 186 58 11 3 1 0 
1377 924 531 245 85 20 4 1 0 
1260 818 451 199 64 14 3 1 0 
1417 958 562 256 87 21 4 1 0 
1426 966 567 258 88 21 4 1 0 
1293 848 473 214 73 19 4 1 0 
1272 829 460 207 69 16 3 1 0 
1318 868 486 219 75 19 4 1 0 
1352 901 511 231 77 19 4 1 0 
1573 1103 673 329 126 33 6 1 0 
1546 1077 653 312 118 30 5 1 0 
1327 877 493 222 75 19 4 1 0 
1495 1028 615 290 105 25 4 1 0 
1557 1088 660 318 121 32 5 1 0 
1312 863 483 219 75 19 4 1 0 
1366 915 524 242 83 20 4 1 0 
1615 1145 711 361 141 38 8 2 0 
1357 906 515 235 78 19 4 1 0 
1464 999 596 274 93 21 4 1 0 
1282 839 468 211 73 19 4 1 0 
1471 1006 598 276 95 22 4 1 0 
1264 822 454 201 65 14 3 1 0 
1496 1029 615 290 105 25 4 1 0 
1614 1144 710 360 140 38 8 2 0 
1376 923 530 244 85 20 4 1 0 
1589 1119 687 340 131 36 7 1 0 
1620 1150 716 366 145 40 8 2 0 
1476 1011 600 277 95 22 4 1 0 
1256 814 448 196 63 13 3 1 0 
1543 1075 651 310 117 29 5 1 0 
1617 1147 713 363 143 38 8 2 0 
1399 942 547 251 87 21 4 1 0 
1240 799 435 186 58 11 3 1 0 
1514 1047 629 298 109 25 4 1 0 
1181 744 393 165 52 11 3 1 0 
1300 855 479 216 73 19 4 1 0 
1251 810 444 194 62 12 3 1 0 
1381 926 533 246 85 20 4 1 0 
1165 730 380 158 48 10 3 1 0 
1372 919 527 244 85 20 4 1 0 
1564 1094 666 324 124 32 5 1 0 
1223 783 423 180 55 11 3 1 0 
1503 1036 620 292 107 25 4 1 0 
1190 752 399 166 52 11 3 1 0 
1468 1003 597 275 94 22 4 1 0 
1587 1117 685 338 129 35 6 1 0 
1274 831 462 209 71 17 3 1 0 
1304 857 481 218 75 19 4 1 0 
1520 1053 633 301 111 26 4 1 0 
1411 954 559 254 87 21 4 1 0 
1354 903 513 233 77 19 4 1 0 
1216 776 417 176 54 11 3 1 0 
1198 760 405 170 52 11 3 1 0 
1160 725 375 153 44 10 3 1 0 
1442 980 579 262 88 21 4 1 0 
1506 1039 622 293 107 25 4 1 0 
1507 1040 623 293 107 25 4 1 0 
1404 947 552 251 87 21 4 1 0 
1439 977 576 261 88 21 4 1 0 
1230 789 428 183 56 11 3 1 0 
1241 800 436 186 58 11 3 1 0 
1197 759 404 170 52 11 3 1 0 
1400 943 548 251 87 21 4 1 0 
1505 1038 621 293 107 25 4 1 0 
1551 1082 657 315 119 30 5 1 0 
1236 795 432 184 56 11 3 1 0 
1353 902 512 232 77 19 4 1 0 
1450 986 585 267 90 21 4 1 0 
1278 835 465 211 73 19 4 1 0 
1522 1055 634 302 112 26 4 1 0 
1549 1080 656 314 119 30 5 1 0 
1202 764 407 171 52 11 3 1 0 
1221 781 421 178 54 11 3 1 0 
1209 770 412 174 54 11 3 1 0 
1329 879 495 223 75 19 4 1 0 
1288 844 471 213 73 19 4 1 0 
1394 938 544 250 87 21 4 1 0 
1402 945 550 251 87 21 4 1 0 
1224 784 423 180 55 11 3 1 0 
1309 861 483 219 75 19 4 1 0 
1395 938 544 250 87 21 4 1 0 
1457 993 591 270 92 21 4 1 0 
1239 798 435 186 58 11 3 1 0 
1626 1156 721 371 149 42 8 2 0 
1409 952 557 253 87 21 4 1 0 
1206 768 410 173 53 11 3 1 0 
1421 962 564 258 88 21 4 1 0 
1182 744 393 165 52 11 3 1 0 
1271 828 459 206 68 15 3 1 0 
1448 985 584 266 89 21 4 1 0 
1201 763 407 171 52 11 3 1 0 
1447 984 583 265 88 21 4 1 0 
1163 728 378 156 46 10 3 1 0 
1219 779 420 177 54 11 3 1 0 
1373 920 528 244 85 20 4 1 0 
1601 1131 698 351 135 37 8 2 0 
1177 740 389 164 52 11 3 1 0 
1212 772 413 175 54 11 3 1 0 
1467 1002 597 275 94 22 4 1 0 
1430 970 571 259 88 21 4 1 0 
1211 772 413 175 54 11 3 1 0 
1158 723 373 151 44 10 3 1 0 
1317 867 485 219 75 19 4 1 0 
1553 1084 659 317 121 32 5 1 0 
1581 1111 681 334 127 34 6 1 0 
1537 1069 647 309 116 28 4 1 0 
1466 1001 597 275 94 22 4 1 0 
1266 824 456 203 66 14 3 1 0 
1369 918 527 244 85 20 4 1 0 
1218 778 419 177 54 11 3 1 0 
1492 1025 614 290 105 25 4 1 0 
1228 788 427 182 55 11 3 1 0 
1262 820 452 199 64 14 3 1 0 
1560 1090 662 320 121 32 5 1 0 
1485 1018 607 283 99 23 4 1 0 
1332 882 497 224 75 19 4 1 0 
1321 871 488 221 75 19 4 1 0 
1529 1062 641 304 112 26 4 1 0 
1489 1022 611 287 102 24 4 1 0 
1267 824 456 203 66 14 3 1 0 
1585 1115 683 336 128 35 6 1 0 
1307 860 482 218 75 19 4 1 0 
1435 974 574 260 88 21 4 1 0 
1299 854 478 215 73 19 4 1 0 
1451 987 586 267 90 21 4 1 0 
1473 1008 599 276 95 22 4 1 0 
1227 787 426 182 55 11 3 1 0 
1225 785 424 181 55 11 3 1 0 
1575 1105 675 330 126 33 6 1 0 
1519 1052 633 301 111 26 4 1 0 
1459 995 592 270 92 21 4 1 0 
1491 1024 613 289 104 25 4 1 0 
1454 990 589 270 92 21 4 1 0 
1610 1140 706 357 139 38 8 2 0 
1477 1011 600 277 95 22 4 1 0 
1169 733 382 159 48 10 3 1 0 
1259 817 450 198 64 14 3 1 0 
1436 975 575 261 88 21 4 1 0 
1215 775 416 175 54 11 3 1 0 
1254 813 447 196 63 13 3 1 0 
1584 1114 682 335 127 34 6 1 0 
1269 826 457 204 66 14 3 1 0 
1387 931 538 249 87 21 4 1 0 
1622 1152 718 368 146 41 8 2 0 
1234 793 431 184 56 11 3 1 0 
1171 735 384 161 49 10 3 1 0 
1344 894 507 229 77 19 4 1 0 
1303 857 481 218 75 19 4 1 0 
1521 1054 634 302 112 26 4 1 0 
1515 1048 630 299 110 26 4 1 0 
1445 983 582 265 88 21 4 1 0 
1291 846 472 213 73 19 4 1 0 
1619 1149 715 365 144 39 8 2 0 
1364 913 522 240 81 19 4 1 0 
1380 926 533 246 85 20 4 1 0 
1458 994 591 270 92 21 4 1 0 
1516 1049 631 300 111 26 4 1 0 
1229 789 428 183 56 11 3 1 0 
1386 930 537 248 86 20 4 1 0 
1552 1083 658 316 120 31 5 1 0 
1499 1032 618 291 106 25 4 1 0 
1565 1095 667 325 124 32 5 1 0 
1248 807 442 192 61 12 3 1 0 
1166 731 380 158 48 10 3 1 0 
1351 900 510 230 77 19 4 1 0 
1533 1066 645 307 114 27 4 1 0 
1388 932 538 249 87 21 4 1 0 
1530 1063 642 305 113 26 4 1 0 
1367 916 525 242 83 20 4 1 0 
1346 896 507 229 77 19 4 1 0 
1277 834 465 211 73 19 4 1 0 
1497 1030 616 290 105 25 4 1 0 
1273 830 461 208 70 16 3 1 0 
1308 860 482 218 75 19 4 1 0 
1363 912 521 239 80 19 4 1 0 
1490 1023 612 288 103 24 4 1 0 
1461 997 594 272 92 21 4 1 0 
1350 899 509 229 77 19 4 1 0 
1486 1019 608 284 100 24 4 1 0 
1184 746 395 165 52 11 3 1 0 
1276 833 464 210 72 18 3 1 0 
1161 726 376 154 44 10 3 1 0 
1500 1033 618 291 106 25 4 1 0 
1310 861 483 219 75 19 4 1 0 
1432 971 571 259 88 21 4 1 0 
1484 1017 606 282 98 23 4 1 0 
1531 1064 643 306 114 27 4 1 0 
1246 805 440 190 60 11 3 1 0 
1596 1126 693 346 134 37 8 2 0 
1235 794 431 184 56 11 3 1 0 
1374 921 528 244 85 20 4 1 0 
1324 874 491 221 75 19 4 1 0 
1258 816 449 197 63 13 3 1 0 
1319 869 487 220 75 19 4 1 0 
1284 841 469 212 73 19 4 1 0 
1250 809 444 194 62 12 3 1 0 
1334 884 499 225 75 19 4 1 0 
1261 819 451 199 64 14 3 1 0 
1283 840 469 212 73 19 4 1 0 
1313 863 483 219 75 19 4 1 0 
1270 827 458 205 67 15 3 1 0 
1453 989 588 269 91 21 4 1 0 
1412 955 560 255 87 21 4 1 0 
1347 897 508 229 77 19 4 1 0 
1535 1067 645 307 114 27 4 1 0 
1526 1059 638 302 112 26 4 1 0 
1286 843 470 213 73 19 4 1 0 
1536 1068 646 308 115 27 4 1 0 
1413 955 560 255 87 21 4 1 0 
1483 1016 605 281 97 23 4 1 0 
1316 866 484 219 75 19 4 1 0 
1268 825 456 203 66 14 3 1 0 
1572 1102 673 329 126 33 6 1 0 
1481 1014 603 279 95 22 4 1 0 
1279 836 465 211 73 19 4 1 0 
1289 845 472 213 73 19 4 1 0 
1207 769 411 174 54 11 3 1 0 
1431 970 571 259 88 21 4 1 0 
1368 917 526 243 84 20 4 1 0 
1338 888 502 227 77 19 4 1 0 
1541 1073 650 310 117 29 5 1 0 
1213 773 414 175 54 11 3 1 0 
1544 1076 652 311 117 29 5 1 0 
1579 1109 679 333 127 34 6 1 0 
1382 927 534 246 85 20 4 1 0 
1600 1130 697 350 135 37 8 2 0 
1548 1079 655 313 119 30 5 1 0 
1186 748 397 166 52 11 3 1 0 
1460 996 593 271 92 21 4 1 0 
342 411 108 383 8 388 380 156 344 217 262 101 341 47 349 12 275 243 169 453 389 282 205 320 373 378 241 351 369 462 457 66 35 135 279 140 65 173 387 406 48 304 335 131 221 105 39 13 136 186 157 226 468 128 177 25 346 26 436 188 239 98 41 257 129 154 361 17 326 3 376 417 302 55 93 207 443 231 191 172 316 464 345 357 340 4 444 386 445 209 267 280 18 130 366 283 164 385 51 0 97 456 91 111 36 212 463 69 415 398 199 442 242 40 94 303 183 314 394 95 86 448 420 50 258 78 266 110 446 418 427 319 237 153 102 49 24 365 179 33 53 391 14 64 439 119 32 10 428 232 246 227 315 73 206 355 435 45 155 399 384 104 403 430 151 364 115 286 294 117 431 42 451 134 253 288 103 74 268 429 419 220 293 272 57 245 109 401 370 60 68 416 274 296 76 195 348 82 402 328 240 218 44 225 323 375 273 377 7 158 165 185 162 34 248 447 454 106 347 54 331 327 250 2 222 421 175 309 216 333 290 450 20 367 210 466 297 224 318 181 338 408 167 393 460 170 81 467 329 404 325 120 459 330 449 381 192 142 255 229 230 271 256 336 203 127 432 150 228 356 62 89 63 100 254 132 190 410 19 30 27 332 390 306 215 58 90 322 413 308 5 423 139 452 407 22 198 358 343 422 184 138 214 146 276 145 147 219 144 159 113 251 395 265 84 313 263 75 152 405 354 374 180 87 125 80 107 189 122 46 397 311 143 1 200 133 396 6 178 31 434 235 249 29 28 412 166 252 213 295 9 11 168 121 392 359 234 438 238 112 21 301 171 52 433 176 236 124 149 307 16 99 437 469 289 362 202 59 455 15 114 197 247 287 312 43 77 353 182 461 71 233 424 414 298 194 88 208 92 305 277 368 163 260 339 409 465 440 426 278 137 193 317 83 379 37 161 244 425 291 284 116 204 223 187 300 299 70 196 363 96 126 23 72 61 400 118 211 160 141 292 458 261 382 38 285 56 148 270 67 352 334 310 259 371 123 201 372 269 360 337 79 85 321 324 441 281 350 174 264 
CHST 0.007345 13.828125
