470 8 1
1360 912 533 258 99 24 3 1 0 
1687 1218 780 420 178 52 9 2 0 
1563 1103 682 345 132 30 4 1 0 
1376 926 543 261 101 26 4 1 0 
1513 1053 642 315 116 27 4 1 0 
1404 951 562 272 102 26 4 1 0 
1580 1118 693 350 135 31 4 1 0 
1694 1224 785 425 181 53 10 2 0 
1573 1112 689 350 135 31 4 1 0 
1645 1178 747 395 162 46 7 1 0 
1648 1181 750 397 164 47 8 1 0 
1581 1119 694 351 135 31 4 1 0 
1422 968 576 280 104 26 4 1 0 
1562 1102 681 344 132 30 4 1 0 
1576 1115 690 350 135 31 4 1 0 
1348 900 521 248 90 19 3 1 0 
1322 877 499 231 80 18 3 1 0 
1526 1066 649 318 117 27 4 1 0 
1523 1063 646 317 117 27 4 1 0 
1272 830 461 210 71 15 3 1 0 
1413 959 569 275 103 26 4 1 0 
1506 1049 640 313 115 27 4 1 0 
1695 1225 786 425 181 53 10 2 0 
1608 1143 716 370 147 38 4 1 0 
1314 869 491 226 79 18 3 1 0 
1336 889 510 239 83 18 3 1 0 
1466 1009 608 298 112 27 4 1 0 
1714 1244 803 440 191 59 12 2 0 
1619 1154 727 379 153 42 5 1 0 
1353 905 526 253 95 22 3 1 0 
1613 1148 721 374 151 42 5 1 0 
1388 937 550 264 101 26 4 1 0 
1596 1131 704 359 140 33 4 1 0 
1646 1179 748 396 163 46 7 1 0 
1701 1231 790 428 182 54 10 2 0 
1615 1150 723 376 152 42 5 1 0 
1320 875 497 230 79 18 3 1 0 
1484 1027 621 303 112 27 4 1 0 
1448 991 594 290 107 26 4 1 0 
1268 827 458 207 71 15 3 1 0 
1411 957 567 274 103 26 4 1 0 
1706 1236 795 432 184 54 10 2 0 
1593 1128 702 357 138 31 4 1 0 
1371 922 540 260 101 26 4 1 0 
1564 1104 683 346 133 30 4 1 0 
1487 1030 623 304 112 27 4 1 0 
1395 942 553 266 101 26 4 1 0 
1621 1155 727 379 153 42 5 1 0 
1663 1196 761 403 165 47 8 1 0 
1373 924 542 261 101 26 4 1 0 
1582 1120 694 351 135 31 4 1 0 
1626 1160 732 383 154 42 5 1 0 
1674 1205 768 408 169 47 8 1 0 
1393 941 553 266 101 26 4 1 0 
1293 850 474 217 76 17 3 1 0 
1300 857 481 220 77 17 3 1 0 
1605 1140 713 367 145 36 4 1 0 
1658 1191 756 400 164 47 8 1 0 
1684 1215 777 417 176 51 9 2 0 
1565 1105 684 347 134 31 4 1 0 
1705 1235 794 431 183 54 10 2 0 
1409 955 566 274 103 26 4 1 0 
1396 943 554 266 101 26 4 1 0 
1557 1097 677 340 131 30 4 1 0 
1682 1213 775 415 174 49 8 1 0 
1604 1139 712 366 144 36 4 1 0 
1512 1052 641 314 115 27 4 1 0 
1546 1086 667 332 126 29 4 1 0 
1365 916 536 260 101 26 4 1 0 
1668 1200 764 405 166 47 8 1 0 
1447 990 593 289 106 26 4 1 0 
1471 1014 611 298 112 27 4 1 0 
1488 1031 624 304 112 27 4 1 0 
1697 1227 788 426 182 54 10 2 0 
1618 1153 726 378 153 42 5 1 0 
1428 973 579 281 105 26 4 1 0 
1574 1113 689 350 135 31 4 1 0 
1556 1096 676 339 131 30 4 1 0 
1369 920 539 260 101 26 4 1 0 
1287 845 472 217 76 17 3 1 0 
1345 897 518 245 87 19 3 1 0 
1479 1022 617 300 112 27 4 1 0 
1338 891 512 240 84 18 3 1 0 
1435 979 583 282 105 26 4 1 0 
1518 1058 643 316 117 27 4 1 0 
1520 1060 643 316 117 27 4 1 0 
1495 1038 630 307 112 27 4 1 0 
1437 981 584 282 105 26 4 1 0 
1372 923 541 260 101 26 4 1 0 
1642 1175 744 392 161 45 6 1 0 
1384 934 547 262 101 26 4 1 0 
1501 1044 635 311 114 27 4 1 0 
1418 964 573 278 104 26 4 1 0 
1425 971 578 281 105 26 4 1 0 
1278 836 465 211 72 15 3 1 0 
1378 928 545 261 101 26 4 1 0 
1496 1039 631 307 112 27 4 1 0 
1522 1062 645 316 117 27 4 1 0 
1299 856 480 219 76 17 3 1 0 
1325 880 501 233 81 18 3 1 0 
1544 1084 666 331 125 29 4 1 0 
1528 1068 651 320 117 27 4 1 0 
1551 1091 672 336 128 30 4 1 0 
1624 1158 730 382 154 42 5 1 0 
1294 851 475 218 76 17 3 1 0 
1606 1141 714 368 145 36 4 1 0 
1452 995 597 291 107 26 4 1 0 
1661 1194 759 402 164 47 8 1 0 
1407 954 565 273 103 26 4 1 0 
1517 1057 643 316 117 27 4 1 0 
1279 837 466 212 72 15 3 1 0 
1274 832 462 210 71 15 3 1 0 
1594 1129 702 357 138 31 4 1 0 
1575 1114 689 350 135 31 4 1 0 
1711 1241 800 437 188 56 10 2 0 
1389 938 551 264 101 26 4 1 0 
1459 1002 602 295 110 26 4 1 0 
1623 1157 729 381 154 42 5 1 0 
1530 1070 653 322 118 27 4 1 0 
1600 1135 708 362 142 34 4 1 0 
1657 1190 756 400 164 47 8 1 0 
1688 1219 780 420 178 52 9 2 0 
1298 855 479 219 76 17 3 1 0 
1456 999 600 293 108 26 4 1 0 
1284 842 469 215 74 15 3 1 0 
1635 1168 738 388 158 43 5 1 0 
1260 819 454 205 69 15 3 1 0 
1566 1106 684 347 134 31 4 1 0 
1554 1094 675 339 131 30 4 1 0 
1387 936 549 263 101 26 4 1 0 
1675 1206 769 409 170 47 8 1 0 
1467 1010 608 298 112 27 4 1 0 
1713 1243 802 439 190 58 11 2 0 
1609 1144 717 371 148 39 4 1 0 
1630 1163 734 385 156 42 5 1 0 
1535 1075 658 325 120 27 4 1 0 
1547 1087 668 333 127 29 4 1 0 
1654 1187 753 398 164 47 8 1 0 
1355 907 528 254 96 22 3 1 0 
1542 1082 664 330 124 29 4 1 0 
1358 910 531 256 97 22 3 1 0 
1472 1015 611 298 112 27 4 1 0 
1386 935 548 262 101 26 4 1 0 
1323 878 500 232 81 18 3 1 0 
1375 925 542 261 101 26 4 1 0 
1676 1207 770 410 170 47 8 1 0 
1567 1107 685 347 134 31 4 1 0 
1257 816 451 202 66 14 3 1 0 
1366 917 537 260 101 26 4 1 0 
1329 884 505 236 82 18 3 1 0 
1273 831 461 210 71 15 3 1 0 
1627 1161 733 384 155 42 5 1 0 
1335 888 509 239 83 18 3 1 0 
1289 846 472 217 76 17 3 1 0 
1595 1130 703 358 139 32 4 1 0 
1304 860 483 220 77 17 3 1 0 
1677 1208 771 411 170 47 8 1 0 
1511 1051 641 314 115 27 4 1 0 
1483 1026 620 302 112 27 4 1 0 
1423 969 577 281 105 26 4 1 0 
1377 927 544 261 101 26 4 1 0 
1316 871 493 226 79 18 3 1 0 
1344 897 518 245 87 19 3 1 0 
1429 974 580 281 105 26 4 1 0 
1631 1164 735 386 157 43 5 1 0 
1570 1110 687 348 134 31 4 1 0 
1708 1238 797 434 185 54 10 2 0 
1269 828 459 208 71 15 3 1 0 
1337 890 511 240 84 18 3 1 0 
1445 988 591 287 105 26 4 1 0 
1503 1046 637 311 114 27 4 1 0 
1641 1174 743 391 160 44 5 1 0 
1399 946 557 268 101 26 4 1 0 
1416 962 571 277 104 26 4 1 0 
1666 1198 762 404 166 47 8 1 0 
1664 1197 762 404 166 47 8 1 0 
1704 1234 793 430 182 54 10 2 0 
1266 825 457 207 71 15 3 1 0 
1698 1228 789 427 182 54 10 2 0 
1617 1152 725 378 153 42 5 1 0 
1497 1040 632 308 113 27 4 1 0 
1543 1083 665 330 124 29 4 1 0 
1403 950 561 271 102 26 4 1 0 
1426 971 578 281 105 26 4 1 0 
1647 1180 749 396 163 46 7 1 0 
1524 1064 647 317 117 27 4 1 0 
1536 1076 659 326 121 28 4 1 0 
1710 1240 799 436 187 55 10 2 0 
1397 944 555 266 101 26 4 1 0 
1592 1128 702 357 138 31 4 1 0 
1270 829 460 209 71 15 3 1 0 
1303 859 482 220 77 17 3 1 0 
1683 1214 776 416 175 50 8 1 0 
1498 1041 632 308 113 27 4 1 0 
1313 868 490 226 79 18 3 1 0 
1271 830 461 210 71 15 3 1 0 
1579 1117 692 350 135 31 4 1 0 
1480 1023 618 301 112 27 4 1 0 
1587 1124 698 355 138 31 4 1 0 
1417 963 572 278 104 26 4 1 0 
1662 1195 760 402 164 47 8 1 0 
1394 942 553 266 101 26 4 1 0 
1308 863 485 222 78 17 3 1 0 
1296 853 477 218 76 17 3 1 0 
1380 930 546 262 101 26 4 1 0 
1434 978 583 282 105 26 4 1 0 
1491 1034 627 306 112 27 4 1 0 
1341 894 515 243 85 18 3 1 0 
1457 1000 600 293 108 26 4 1 0 
1612 1147 720 373 150 41 4 1 0 
1302 858 481 220 77 17 3 1 0 
1532 1072 655 323 118 27 4 1 0 
1263 822 457 207 71 15 3 1 0 
1531 1071 654 322 118 27 4 1 0 
1431 976 582 281 105 26 4 1 0 
1689 1220 781 421 178 52 9 2 0 
1700 1230 790 428 182 54 10 2 0 
1717 1247 806 442 193 61 12 2 0 
1671 1202 765 405 166 47 8 1 0 
1499 1042 633 309 113 27 4 1 0 
1712 1242 801 438 189 57 10 2 0 
1415 961 570 276 103 26 4 1 0 
1607 1142 715 369 146 37 4 1 0 
1614 1149 722 375 151 42 5 1 0 
1462 1005 605 295 110 26 4 1 0 
1256 815 450 201 65 14 3 1 0 
1408 954 565 273 103 26 4 1 0 
1672 1203 766 406 167 47 8 1 0 
1349 901 522 249 91 19 3 1 0 
1703 1233 792 429 182 54 10 2 0 
1584 1122 696 353 136 31 4 1 0 
1639 1172 741 390 160 44 5 1 0 
1275 833 463 210 71 15 3 1 0 
1465 1008 608 298 112 27 4 1 0 
1255 814 449 200 64 14 3 1 0 
1586 1123 697 354 137 31 4 1 0 
1449 992 595 290 107 26 4 1 0 
1468 1011 609 298 112 27 4 1 0 
1400 947 558 269 101 26 4 1 0 
1318 873 495 228 79 18 3 1 0 
1252 811 447 198 64 14 3 1 0 
1458 1001 601 294 109 26 4 1 0 
1385 935 548 262 101 26 4 1 0 
1253 812 448 199 64 14 3 1 0 
1552 1092 673 337 129 30 4 1 0 
1569 1109 686 347 134 31 4 1 0 
1519 1059 643 316 117 27 4 1 0 
1539 1079 661 328 123 28 4 1 0 
1521 1061 644 316 117 27 4 1 0 
1633 1166 736 387 157 43 5 1 0 
1680 1211 773 413 172 48 8 1 0 
1340 893 514 242 85 18 3 1 0 
1622 1156 728 380 153 42 5 1 0 
1454 997 599 292 107 26 4 1 0 
1460 1003 603 295 110 26 4 1 0 
1509 1051 641 314 115 27 4 1 0 
1441 985 588 284 105 26 4 1 0 
1678 1209 772 412 171 47 8 1 0 
1625 1159 731 382 154 42 5 1 0 
1665 1197 762 404 166 47 8 1 0 
1601 1136 709 363 143 35 4 1 0 
1436 980 584 282 105 26 4 1 0 
1258 817 452 203 67 14 3 1 0 
1455 998 599 292 107 26 4 1 0 
1715 1245 804 440 191 59 12 2 0 
1392 940 552 265 101 26 4 1 0 
1690 1221 782 422 179 52 9 2 0 
1696 1226 787 426 182 54 10 2 0 
1433 977 583 282 105 26 4 1 0 
1301 857 481 220 77 17 3 1 0 
1367 918 538 260 101 26 4 1 0 
1716 1246 805 441 192 60 12 2 0 
1553 1093 674 338 130 30 4 1 0 
1538 1078 660 327 122 28 4 1 0 
1685 1216 778 418 176 51 9 2 0 
1267 826 458 207 71 15 3 1 0 
1632 1165 736 387 157 43 5 1 0 
1317 872 494 227 79 18 3 1 0 
1443 987 590 286 105 26 4 1 0 
1343 896 517 245 87 19 3 1 0 
1382 932 546 262 101 26 4 1 0 
1463 1006 606 296 110 26 4 1 0 
1277 835 464 211 72 15 3 1 0 
1475 1018 614 298 112 27 4 1 0 
1374 924 542 261 101 26 4 1 0 
1438 982 585 282 105 26 4 1 0 
1354 906 527 253 95 22 3 1 0 
1259 818 453 204 68 14 3 1 0 
1599 1134 707 361 141 33 4 1 0 
1476 1019 615 299 112 27 4 1 0 
1673 1204 767 407 168 47 8 1 0 
1692 1222 783 423 180 53 10 2 0 
1312 867 489 225 78 17 3 1 0 
1410 956 566 274 103 26 4 1 0 
1350 902 523 250 92 19 3 1 0 
1292 849 473 217 76 17 3 1 0 
1492 1035 628 306 112 27 4 1 0 
1481 1024 618 301 112 27 4 1 0 
1644 1177 746 394 162 46 7 1 0 
1591 1127 701 356 138 31 4 1 0 
1363 915 535 260 101 26 4 1 0 
1464 1007 607 297 111 26 4 1 0 
1412 958 568 274 103 26 4 1 0 
1616 1151 724 377 152 42 5 1 0 
1482 1025 619 301 112 27 4 1 0 
1319 874 496 229 79 18 3 1 0 
1362 914 535 260 101 26 4 1 0 
1691 1222 783 423 180 53 10 2 0 
1669 1200 764 405 166 47 8 1 0 
1636 1169 739 389 159 44 5 1 0 
1493 1036 629 307 112 27 4 1 0 
1315 870 492 226 79 18 3 1 0 
1282 840 468 214 73 15 3 1 0 
1280 838 467 213 72 15 3 1 0 
1310 865 487 224 78 17 3 1 0 
1545 1085 666 331 125 29 4 1 0 
1602 1137 710 364 143 35 4 1 0 
1577 1116 691 350 135 31 4 1 0 
1560 1100 679 342 132 30 4 1 0 
1283 841 469 215 74 15 3 1 0 
1516 1056 642 315 116 27 4 1 0 
1578 1116 691 350 135 31 4 1 0 
1649 1182 750 397 164 47 8 1 0 
1537 1077 660 327 122 28 4 1 0 
1707 1237 796 433 185 54 10 2 0 
1291 848 472 217 76 17 3 1 0 
1262 821 456 206 70 15 3 1 0 
1583 1121 695 352 136 31 4 1 0 
1264 823 457 207 71 15 3 1 0 
1249 808 444 195 63 14 3 1 0 
1297 854 478 218 76 17 3 1 0 
1281 839 468 214 73 15 3 1 0 
1559 1099 678 341 131 30 4 1 0 
1286 844 471 216 75 16 3 1 0 
1346 898 519 246 88 19 3 1 0 
1381 931 546 262 101 26 4 1 0 
1699 1229 789 427 182 54 10 2 0 
1414 960 569 275 103 26 4 1 0 
1307 862 484 221 77 17 3 1 0 
1439 983 586 283 105 26 4 1 0 
1571 1111 688 349 134 31 4 1 0 
1306 862 484 221 77 17 3 1 0 
1359 911 532 257 98 23 3 1 0 
1525 1065 648 317 117 27 4 1 0 
1603 1138 711 365 144 36 4 1 0 
1324 879 501 233 81 18 3 1 0 
1686 1217 779 419 177 51 9 2 0 
1446 989 592 288 105 26 4 1 0 
1333 887 508 238 82 18 3 1 0 
1383 933 547 262 101 26 4 1 0 
1311 866 488 224 78 17 3 1 0 
1450 993 595 290 107 26 4 1 0 
1285 843 470 215 74 15 3 1 0 
1332 886 507 237 82 18 3 1 0 
1529 1069 652 321 118 27 4 1 0 
1660 1193 758 401 164 47 8 1 0 
1588 1125 699 355 138 31 4 1 0 
1561 1101 680 343 132 30 4 1 0 
1473 1016 612 298 112 27 4 1 0 
1652 1185 752 398 164 47 8 1 0 
1334 887 508 238 82 18 3 1 0 
1352 904 525 252 94 21 3 1 0 
1589 1126 700 355 138 31 4 1 0 
1540 1080 662 329 124 29 4 1 0 
1634 1167 737 387 157 43 5 1 0 
1667 1199 763 404 166 47 8 1 0 
1500 1043 634 310 113 27 4 1 0 
1261 820 455 206 70 15 3 1 0 
1440 984 587 284 105 26 4 1 0 
1670 1201 764 405 166 47 8 1 0 
1469 1012 609 298 112 27 4 1 0 
1651 1184 751 397 164 47 8 1 0 
1451 994 596 290 107 26 4 1 0 
1643 1176 745 393 162 46 7 1 0 
1681 1212 774 414 173 49 8 1 0 
1432 977 583 282 105 26 4 1 0 
1342 895 516 244 86 19 3 1 0 
1331 885 506 236 82 18 3 1 0 
1541 1081 663 330 124 29 4 1 0 
1309 864 486 223 78 17 3 1 0 
1326 881 502 234 82 18 3 1 0 
1356 908 529 255 97 22 3 1 0 
1251 810 446 197 64 14 3 1 0 
1550 1090 671 336 128 30 4 1 0 
1702 1232 791 429 182 54 10 2 0 
1368 919 539 260 101 26 4 1 0 
1361 913 534 259 100 25 3 1 0 
1486 1029 622 304 112 27 4 1 0 
1597 1132 705 360 140 33 4 1 0 
1474 1017 613 298 112 27 4 1 0 
1489 1032 625 304 112 27 4 1 0 
1585 1122 696 353 136 31 4 1 0 
1629 1162 733 384 155 42 5 1 0 
1718 1248 807 443 194 62 13 2 0 
1510 1051 641 314 115 27 4 1 0 
1444 987 590 286 105 26 4 1 0 
1650 1183 750 397 164 47 8 1 0 
1406 953 564 272 102 26 4 1 0 
1364 915 535 260 101 26 4 1 0 
1442 986 589 285 105 26 4 1 0 
1339 892 513 241 85 18 3 1 0 
1402 949 560 271 102 26 4 1 0 
1461 1004 604 295 110 26 4 1 0 
1305 861 484 221 77 17 3 1 0 
1347 899 520 247 89 19 3 1 0 
1485 1028 621 303 112 27 4 1 0 
1405 952 563 272 102 26 4 1 0 
1549 1089 670 335 128 30 4 1 0 
1693 1223 784 424 180 53 10 2 0 
1427 972 578 281 105 26 4 1 0 
1533 1073 656 324 119 27 4 1 0 
1637 1170 739 389 159 44 5 1 0 
1453 996 598 292 107 26 4 1 0 
1610 1145 718 372 149 40 4 1 0 
1590 1126 700 355 138 31 4 1 0 
1505 1048 639 313 115 27 4 1 0 
1653 1186 752 398 164 47 8 1 0 
1655 1188 754 399 164 47 8 1 0 
1534 1074 657 324 119 27 4 1 0 
1659 1192 757 400 164 47 8 1 0 
1265 824 457 207 71 15 3 1 0 
1611 1146 719 373 150 41 4 1 0 
1351 903 524 251 93 20 3 1 0 
1470 1013 610 298 112 27 4 1 0 
1514 1054 642 315 116 27 4 1 0 
1568 1108 685 347 134 31 4 1 0 
1477 1020 616 299 112 27 4 1 0 
1420 966 575 280 104 26 4 1 0 
1401 948 559 270 101 26 4 1 0 
1640 1173 742 391 160 44 5 1 0 
1370 921 539 260 101 26 4 1 0 
1379 929 546 262 101 26 4 1 0 
1555 1095 676 339 131 30 4 1 0 
1327 882 503 234 82 18 3 1 0 
1507 1050 640 313 115 27 4 1 0 
1548 1088 669 334 127 29 4 1 0 
1295 852 476 218 76 17 3 1 0 
1558 1098 678 341 131 30 4 1 0 
1254 813 448 199 64 14 3 1 0 
1598 1133 706 360 140 33 4 1 0 
1508 1051 641 314 115 27 4 1 0 
1250 809 445 196 63 14 3 1 0 
1502 1045 636 311 114 27 4 1 0 
1288 845 472 217 76 17 3 1 0 
1490 1033 626 305 112 27 4 1 0 
1419 965 574 279 104 26 4 1 0 
1494 1037 630 307 112 27 4 1 0 
1620 1154 727 379 153 42 5 1 0 
1421 967 575 280 104 26 4 1 0 
1290 847 472 217 76 17 3 1 0 
1478 1021 616 299 112 27 4 1 0 
1515 1055 642 315 116 27 4 1 0 
1328 883 504 235 82 18 3 1 0 
1679 1210 773 413 172 48 8 1 0 
1504 1047 638 312 115 27 4 1 0 
1638 1171 740 389 159 44 5 1 0 
1628 1161 733 384 155 42 5 1 0 
1330 884 505 236 82 18 3 1 0 
1572 1111 688 349 134 31 4 1 0 
1424 970 578 281 105 26 4 1 0 
1527 1067 650 319 117 27 4 1 0 
1391 939 551 264 101 26 4 1 0 
1276 834 464 211 72 15 3 1 0 
1390 938 551 264 101 26 4 1 0 
1357 909 530 255 97 22 3 1 0 
1430 975 581 281 105 26 4 1 0 
1709 1239 798 435 186 54 10 2 0 
1321 876 498 230 79 18 3 1 0 
1398 945 556 267 101 26 4 1 0 
1656 1189 755 399 164 47 8 1 0 
329 306 233 49 237 10 159 79 375 267 382 295 212 104 91 27 38 175 54 361 431 55 154 328 109 401 71 153 420 168 58 100 427 118 319 26 272 149 191 39 59 288 318 300 31 61 204 376 116 89 53 184 440 436 359 385 155 138 8 412 18 228 139 5 432 383 40 152 410 146 309 20 242 367 439 387 240 4 190 217 202 195 340 69 185 451 380 293 210 345 201 433 316 7 151 334 369 417 132 426 43 136 182 48 197 145 241 189 276 299 150 322 243 205 220 77 324 213 459 129 389 230 117 252 134 444 28 310 289 416 108 187 255 442 279 62 64 162 437 227 315 21 115 366 120 17 119 93 406 45 371 192 80 232 35 46 236 271 114 178 403 133 72 76 216 78 206 275 463 284 331 348 226 11 292 261 160 141 163 458 156 101 199 422 88 468 137 50 372 415 274 180 278 335 352 344 363 358 265 296 63 317 465 349 131 301 398 198 186 305 449 67 188 323 384 257 421 247 452 12 128 113 244 110 1 418 124 313 286 303 173 98 203 235 311 413 392 44 2 30 112 57 42 304 254 214 455 357 280 277 13 424 262 234 225 325 446 29 251 339 462 294 238 307 270 404 170 409 266 107 14 393 285 399 193 391 229 90 397 94 390 200 377 249 351 222 445 448 92 84 83 333 281 368 337 9 125 86 343 97 425 19 99 428 355 68 456 443 429 211 461 148 106 259 246 6 453 36 308 81 169 196 95 327 374 111 362 33 219 342 34 15 245 386 364 176 209 3 16 158 466 346 144 454 177 126 24 378 65 60 341 381 82 215 127 365 379 360 75 250 174 70 467 407 142 140 460 105 297 165 388 143 430 283 207 347 181 231 419 135 0 263 394 85 338 457 260 123 282 87 103 37 336 96 22 287 450 102 414 423 66 290 74 408 405 435 51 298 291 258 402 464 223 147 218 23 208 326 320 164 73 353 354 264 122 256 314 356 130 253 438 56 179 157 321 273 447 350 167 32 268 396 411 224 221 166 121 161 400 312 330 171 239 302 269 373 395 434 248 41 441 52 370 469 25 172 183 194 332 47 
CHST 0.006663 13.828125
