470 8 1
1654 1185 745 382 128 28 4 1 0 
1300 855 473 197 53 10 3 1 0 
1488 1026 612 283 85 16 3 1 0 
1454 994 584 264 76 13 3 1 0 
1326 881 494 207 55 11 3 1 0 
1262 818 442 172 45 10 3 1 0 
1567 1104 679 334 106 23 4 1 0 
1246 802 428 162 42 10 3 1 0 
1439 981 573 256 72 13 3 1 0 
1674 1205 763 393 136 31 5 1 0 
1666 1197 755 388 133 30 5 1 0 
1585 1119 687 339 108 23 4 1 0 
1453 993 583 263 75 13 3 1 0 
1359 909 515 219 59 11 3 1 0 
1568 1105 679 334 106 23 4 1 0 
1544 1081 659 319 97 22 4 1 0 
1547 1084 662 322 99 22 4 1 0 
1254 810 436 168 44 10 3 1 0 
1253 809 435 167 44 10 3 1 0 
1521 1058 640 304 94 22 4 1 0 
1641 1172 733 371 119 25 4 1 0 
1356 906 513 217 58 11 3 1 0 
1248 804 430 162 42 10 3 1 0 
1491 1029 615 286 87 18 3 1 0 
1595 1128 695 345 109 23 4 1 0 
1623 1154 716 359 113 24 4 1 0 
1285 841 460 187 49 10 3 1 0 
1679 1210 767 396 138 31 5 1 0 
1333 887 498 209 56 11 3 1 0 
1638 1169 730 368 118 24 4 1 0 
1619 1151 713 356 112 24 4 1 0 
1466 1006 594 270 80 15 3 1 0 
1316 871 486 202 54 11 3 1 0 
1629 1160 721 361 114 24 4 1 0 
1498 1036 621 292 91 21 3 1 0 
1615 1147 709 354 112 24 4 1 0 
1625 1156 718 359 113 24 4 1 0 
1277 833 454 181 47 10 3 1 0 
1256 812 438 169 45 10 3 1 0 
1577 1112 682 336 107 23 4 1 0 
1649 1180 740 377 123 25 4 1 0 
1321 876 491 206 54 11 3 1 0 
1380 928 530 231 65 12 3 1 0 
1415 959 556 249 70 13 3 1 0 
1365 915 519 222 60 11 3 1 0 
1280 836 457 184 48 10 3 1 0 
1421 964 559 250 71 13 3 1 0 
1318 873 488 203 54 11 3 1 0 
1671 1202 760 391 135 31 5 1 0 
1645 1176 736 374 121 25 4 1 0 
1588 1122 690 341 108 23 4 1 0 
1655 1186 746 383 129 29 5 1 0 
1659 1190 750 386 132 30 5 1 0 
1400 946 547 240 68 13 3 1 0 
1600 1133 700 347 110 23 4 1 0 
1537 1074 653 313 96 22 4 1 0 
1481 1020 607 279 83 15 3 1 0 
1673 1204 762 393 136 31 5 1 0 
1292 848 467 193 51 10 3 1 0 
1440 982 574 256 72 13 3 1 0 
1369 919 523 225 62 11 3 1 0 
1648 1179 739 376 122 25 4 1 0 
1412 956 553 246 70 13 3 1 0 
1362 912 517 220 60 11 3 1 0 
1683 1214 771 399 141 33 5 1 0 
1484 1022 609 280 83 15 3 1 0 
1353 903 511 215 58 11 3 1 0 
1351 901 509 214 58 11 3 1 0 
1420 963 558 250 71 13 3 1 0 
1604 1137 703 349 111 24 4 1 0 
1410 954 552 245 69 13 3 1 0 
1260 816 441 171 45 10 3 1 0 
1279 835 456 183 48 10 3 1 0 
1294 850 469 194 52 10 3 1 0 
1363 913 518 221 60 11 3 1 0 
1404 949 548 241 68 13 3 1 0 
1586 1120 688 340 108 23 4 1 0 
1361 911 516 220 60 11 3 1 0 
1427 969 563 252 71 13 3 1 0 
1597 1130 697 346 110 23 4 1 0 
1640 1171 732 370 119 25 4 1 0 
1267 823 447 177 45 10 3 1 0 
1550 1087 665 324 100 22 4 1 0 
1382 930 532 233 66 12 3 1 0 
1310 865 481 199 54 11 3 1 0 
1302 857 475 198 54 11 3 1 0 
1232 788 415 155 42 10 3 1 0 
1451 991 581 261 73 13 3 1 0 
1426 968 562 252 71 13 3 1 0 
1698 1228 784 411 152 40 8 1 0 
1409 953 551 244 69 13 3 1 0 
1387 934 536 234 66 12 3 1 0 
1257 813 439 169 45 10 3 1 0 
1402 947 548 241 68 13 3 1 0 
1519 1056 638 303 94 22 4 1 0 
1457 997 587 266 78 14 3 1 0 
1236 792 418 156 42 10 3 1 0 
1250 806 432 164 43 10 3 1 0 
1571 1107 680 335 106 23 4 1 0 
1636 1167 728 367 117 24 4 1 0 
1340 894 503 211 57 11 3 1 0 
1251 807 433 165 43 10 3 1 0 
1630 1161 722 361 114 24 4 1 0 
1366 916 520 223 61 11 3 1 0 
1589 1123 691 342 108 23 4 1 0 
1485 1023 609 280 83 15 3 1 0 
1467 1007 595 270 80 15 3 1 0 
1669 1200 758 389 134 31 5 1 0 
1582 1116 685 338 107 23 4 1 0 
1309 864 480 199 54 11 3 1 0 
1529 1066 647 309 94 22 4 1 0 
1533 1070 649 311 95 22 4 1 0 
1337 891 502 211 57 11 3 1 0 
1590 1124 692 343 108 23 4 1 0 
1367 917 521 224 62 11 3 1 0 
1475 1014 602 276 82 15 3 1 0 
1483 1021 608 279 83 15 3 1 0 
1334 888 499 209 56 11 3 1 0 
1290 846 465 192 51 10 3 1 0 
1303 858 475 198 54 11 3 1 0 
1676 1207 764 393 136 31 5 1 0 
1299 854 473 197 53 10 3 1 0 
1570 1107 680 335 106 23 4 1 0 
1476 1015 603 277 82 15 3 1 0 
1560 1097 674 332 106 23 4 1 0 
1308 863 479 198 54 11 3 1 0 
1578 1113 683 336 107 23 4 1 0 
1438 980 572 256 72 13 3 1 0 
1350 900 508 214 58 11 3 1 0 
1414 958 555 248 70 13 3 1 0 
1678 1209 766 395 137 31 5 1 0 
1238 794 420 156 42 10 3 1 0 
1368 918 522 224 62 11 3 1 0 
1490 1028 614 285 86 17 3 1 0 
1656 1187 747 384 130 29 5 1 0 
1231 787 414 155 42 10 3 1 0 
1312 867 482 199 54 11 3 1 0 
1658 1189 749 385 131 30 5 1 0 
1652 1183 743 380 126 26 4 1 0 
1444 985 576 257 72 13 3 1 0 
1557 1094 672 330 104 22 4 1 0 
1269 825 449 178 46 10 3 1 0 
1418 962 557 250 71 13 3 1 0 
1626 1157 719 360 113 24 4 1 0 
1452 992 582 262 74 13 3 1 0 
1670 1201 759 390 135 31 5 1 0 
1437 979 571 256 72 13 3 1 0 
1503 1041 625 294 93 22 4 1 0 
1424 966 560 250 71 13 3 1 0 
1536 1073 652 313 96 22 4 1 0 
1532 1069 649 311 95 22 4 1 0 
1317 872 487 203 54 11 3 1 0 
1624 1155 717 359 113 24 4 1 0 
1596 1129 696 346 110 23 4 1 0 
1594 1127 694 344 109 23 4 1 0 
1523 1060 642 305 94 22 4 1 0 
1672 1203 761 392 135 31 5 1 0 
1345 897 506 213 58 11 3 1 0 
1241 797 423 157 42 10 3 1 0 
1447 987 578 258 72 13 3 1 0 
1458 998 588 267 79 14 3 1 0 
1599 1132 699 347 110 23 4 1 0 
1535 1072 651 312 95 22 4 1 0 
1446 986 577 257 72 13 3 1 0 
1301 856 474 198 54 11 3 1 0 
1393 940 541 237 68 13 3 1 0 
1374 924 527 228 64 11 3 1 0 
1580 1115 684 337 107 23 4 1 0 
1552 1089 667 325 100 22 4 1 0 
1397 943 544 238 68 13 3 1 0 
1384 932 534 234 66 12 3 1 0 
1336 890 501 210 56 11 3 1 0 
1566 1103 678 333 106 23 4 1 0 
1383 931 533 234 66 12 3 1 0 
1657 1188 748 385 131 30 5 1 0 
1688 1218 775 403 145 35 6 1 0 
1372 922 525 227 63 11 3 1 0 
1574 1110 681 336 107 23 4 1 0 
1370 920 524 226 63 11 3 1 0 
1364 914 518 221 60 11 3 1 0 
1273 829 452 181 47 10 3 1 0 
1375 925 528 229 65 12 3 1 0 
1272 828 451 180 46 10 3 1 0 
1401 947 548 241 68 13 3 1 0 
1628 1159 721 361 114 24 4 1 0 
1324 879 492 207 55 11 3 1 0 
1489 1027 613 284 86 17 3 1 0 
1495 1033 619 290 89 19 3 1 0 
1399 945 546 240 68 13 3 1 0 
1379 927 530 231 65 12 3 1 0 
1642 1173 734 372 119 25 4 1 0 
1542 1079 658 318 96 22 4 1 0 
1621 1153 715 358 113 24 4 1 0 
1275 831 452 181 47 10 3 1 0 
1598 1131 698 346 110 23 4 1 0 
1531 1068 648 310 95 22 4 1 0 
1591 1124 692 343 108 23 4 1 0 
1263 819 443 173 45 10 3 1 0 
1338 892 502 211 57 11 3 1 0 
1255 811 437 169 45 10 3 1 0 
1668 1199 757 389 134 31 5 1 0 
1411 955 553 246 70 13 3 1 0 
1527 1064 645 307 94 22 4 1 0 
1569 1106 680 335 106 23 4 1 0 
1406 951 550 243 69 13 3 1 0 
1449 989 580 260 73 13 3 1 0 
1239 795 421 156 42 10 3 1 0 
1634 1165 726 365 116 24 4 1 0 
1468 1008 596 271 80 15 3 1 0 
1696 1226 782 409 151 40 8 1 0 
1522 1059 641 305 94 22 4 1 0 
1242 798 424 158 42 10 3 1 0 
1572 1108 681 336 107 23 4 1 0 
1486 1024 610 281 84 15 3 1 0 
1396 942 543 238 68 13 3 1 0 
1493 1031 617 288 89 19 3 1 0 
1497 1035 621 292 91 21 3 1 0 
1685 1216 773 401 143 33 5 1 0 
1608 1140 704 349 111 24 4 1 0 
1274 830 452 181 47 10 3 1 0 
1496 1034 620 291 90 20 3 1 0 
1459 999 589 268 79 14 3 1 0 
1492 1030 616 287 88 18 3 1 0 
1667 1198 756 388 133 30 5 1 0 
1478 1017 605 279 83 15 3 1 0 
1558 1095 673 331 105 22 4 1 0 
1581 1116 685 338 107 23 4 1 0 
1612 1144 707 352 111 24 4 1 0 
1546 1083 661 321 98 22 4 1 0 
1297 852 471 196 52 10 3 1 0 
1443 984 575 256 72 13 3 1 0 
1314 869 484 200 54 11 3 1 0 
1579 1114 684 337 107 23 4 1 0 
1284 840 459 186 49 10 3 1 0 
1502 1040 624 294 93 22 4 1 0 
1352 902 510 214 58 11 3 1 0 
1461 1001 590 269 80 15 3 1 0 
1271 827 450 179 46 10 3 1 0 
1584 1118 686 338 107 23 4 1 0 
1632 1163 724 363 114 24 4 1 0 
1513 1051 634 301 93 22 4 1 0 
1689 1219 776 404 146 36 6 1 0 
1419 962 557 250 71 13 3 1 0 
1501 1039 623 294 93 22 4 1 0 
1448 988 579 259 72 13 3 1 0 
1434 976 569 256 72 13 3 1 0 
1311 866 482 199 54 11 3 1 0 
1693 1223 779 407 149 38 6 1 0 
1322 877 492 207 55 11 3 1 0 
1252 808 434 166 43 10 3 1 0 
1610 1142 705 350 111 24 4 1 0 
1622 1154 716 359 113 24 4 1 0 
1358 908 514 218 59 11 3 1 0 
1463 1003 591 269 80 15 3 1 0 
1482 1020 607 279 83 15 3 1 0 
1343 896 505 213 58 11 3 1 0 
1389 936 538 236 68 13 3 1 0 
1694 1224 780 408 150 39 7 1 0 
1357 907 514 218 59 11 3 1 0 
1687 1218 775 403 145 35 6 1 0 
1306 861 477 198 54 11 3 1 0 
1450 990 581 261 73 13 3 1 0 
1508 1046 629 298 93 22 4 1 0 
1462 1002 591 269 80 15 3 1 0 
1684 1215 772 400 142 33 5 1 0 
1465 1005 593 269 80 15 3 1 0 
1494 1032 618 289 89 19 3 1 0 
1293 849 468 194 52 10 3 1 0 
1386 933 535 234 66 12 3 1 0 
1525 1062 644 307 94 22 4 1 0 
1472 1012 600 275 81 15 3 1 0 
1682 1213 770 398 140 32 5 1 0 
1614 1146 709 354 112 24 4 1 0 
1692 1222 778 406 148 37 6 1 0 
1245 801 427 161 42 10 3 1 0 
1576 1112 682 336 107 23 4 1 0 
1320 875 490 205 54 11 3 1 0 
1541 1078 657 317 96 22 4 1 0 
1428 970 564 253 71 13 3 1 0 
1534 1071 650 312 95 22 4 1 0 
1408 952 550 243 69 13 3 1 0 
1479 1018 606 279 83 15 3 1 0 
1561 1098 674 332 106 23 4 1 0 
1235 791 418 156 42 10 3 1 0 
1644 1175 736 374 121 25 4 1 0 
1425 967 561 251 71 13 3 1 0 
1637 1168 729 368 118 24 4 1 0 
1699 1229 785 412 153 41 9 2 0 
1348 899 508 214 58 11 3 1 0 
1270 826 450 179 46 10 3 1 0 
1611 1143 706 351 111 24 4 1 0 
1295 851 470 195 52 10 3 1 0 
1530 1067 647 309 94 22 4 1 0 
1646 1177 737 375 122 25 4 1 0 
1643 1174 735 373 120 25 4 1 0 
1539 1076 655 315 96 22 4 1 0 
1264 820 444 174 45 10 3 1 0 
1240 796 422 156 42 10 3 1 0 
1618 1150 712 356 112 24 4 1 0 
1441 983 575 256 72 13 3 1 0 
1422 965 560 250 71 13 3 1 0 
1690 1220 777 405 147 36 6 1 0 
1647 1178 738 375 122 25 4 1 0 
1620 1152 714 357 112 24 4 1 0 
1265 821 445 175 45 10 3 1 0 
1549 1086 664 323 100 22 4 1 0 
1432 974 567 254 71 13 3 1 0 
1296 851 470 195 52 10 3 1 0 
1605 1137 703 349 111 24 4 1 0 
1304 859 476 198 54 11 3 1 0 
1233 789 416 155 42 10 3 1 0 
1548 1085 663 323 100 22 4 1 0 
1564 1101 677 333 106 23 4 1 0 
1524 1061 643 306 94 22 4 1 0 
1526 1063 645 307 94 22 4 1 0 
1341 895 504 212 57 11 3 1 0 
1319 874 489 204 54 11 3 1 0 
1587 1121 689 341 108 23 4 1 0 
1617 1149 711 356 112 24 4 1 0 
1559 1096 674 332 106 23 4 1 0 
1328 883 495 207 55 11 3 1 0 
1592 1125 692 343 108 23 4 1 0 
1665 1196 755 388 133 30 5 1 0 
1691 1221 778 406 148 37 6 1 0 
1499 1037 622 293 92 21 3 1 0 
1601 1134 700 347 110 23 4 1 0 
1563 1100 676 332 106 23 4 1 0 
1435 977 569 256 72 13 3 1 0 
1573 1109 681 336 107 23 4 1 0 
1554 1091 669 327 102 22 4 1 0 
1538 1075 654 314 96 22 4 1 0 
1565 1102 677 333 106 23 4 1 0 
1381 929 531 232 65 12 3 1 0 
1639 1170 731 369 119 25 4 1 0 
1543 1080 659 319 97 22 4 1 0 
1416 960 557 250 71 13 3 1 0 
1371 921 524 226 63 11 3 1 0 
1583 1117 685 338 107 23 4 1 0 
1517 1054 637 303 94 22 4 1 0 
1431 973 566 253 71 13 3 1 0 
1395 941 542 238 68 13 3 1 0 
1516 1054 637 303 94 22 4 1 0 
1653 1184 744 381 127 27 4 1 0 
1323 878 492 207 55 11 3 1 0 
1487 1025 611 282 84 15 3 1 0 
1635 1166 727 366 117 24 4 1 0 
1247 803 429 162 42 10 3 1 0 
1429 971 565 253 71 13 3 1 0 
1509 1047 630 299 93 22 4 1 0 
1407 951 550 243 69 13 3 1 0 
1528 1065 646 308 94 22 4 1 0 
1460 1000 590 269 80 15 3 1 0 
1562 1099 675 332 106 23 4 1 0 
1507 1045 628 297 93 22 4 1 0 
1291 847 466 192 51 10 3 1 0 
1675 1206 763 393 136 31 5 1 0 
1339 893 502 211 57 11 3 1 0 
1681 1212 769 397 139 32 5 1 0 
1287 843 462 189 49 10 3 1 0 
1661 1192 752 387 132 30 5 1 0 
1510 1048 631 299 93 22 4 1 0 
1627 1158 720 360 113 24 4 1 0 
1346 898 507 214 58 11 3 1 0 
1445 985 576 257 72 13 3 1 0 
1307 862 478 198 54 11 3 1 0 
1607 1139 703 349 111 24 4 1 0 
1388 935 537 235 67 12 3 1 0 
1391 938 539 236 68 13 3 1 0 
1390 937 539 236 68 13 3 1 0 
1606 1138 703 349 111 24 4 1 0 
1286 842 461 188 49 10 3 1 0 
1663 1194 754 388 133 30 5 1 0 
1268 824 448 177 45 10 3 1 0 
1662 1193 753 388 133 30 5 1 0 
1680 1211 768 396 138 31 5 1 0 
1385 933 535 234 66 12 3 1 0 
1512 1050 633 301 93 22 4 1 0 
1504 1042 626 295 93 22 4 1 0 
1436 978 570 256 72 13 3 1 0 
1520 1057 639 303 94 22 4 1 0 
1505 1043 627 296 93 22 4 1 0 
1651 1182 742 379 125 26 4 1 0 
1514 1052 635 302 93 22 4 1 0 
1631 1162 723 362 114 24 4 1 0 
1298 853 472 196 52 10 3 1 0 
1455 995 585 265 77 14 3 1 0 
1700 1230 786 413 154 41 9 2 0 
1282 838 458 185 48 10 3 1 0 
1349 899 508 214 58 11 3 1 0 
1237 793 419 156 42 10 3 1 0 
1244 800 426 160 42 10 3 1 0 
1442 984 575 256 72 13 3 1 0 
1331 886 497 209 56 11 3 1 0 
1686 1217 774 402 144 34 5 1 0 
1344 897 506 213 58 11 3 1 0 
1430 972 566 253 71 13 3 1 0 
1664 1195 754 388 133 30 5 1 0 
1266 822 446 176 45 10 3 1 0 
1423 965 560 250 71 13 3 1 0 
1405 950 549 242 68 13 3 1 0 
1555 1092 670 328 103 22 4 1 0 
1261 817 441 171 45 10 3 1 0 
1480 1019 606 279 83 15 3 1 0 
1518 1055 637 303 94 22 4 1 0 
1545 1082 660 320 98 22 4 1 0 
1276 832 453 181 47 10 3 1 0 
1258 814 440 170 45 10 3 1 0 
1593 1126 693 344 109 23 4 1 0 
1249 805 431 163 42 10 3 1 0 
1398 944 545 239 68 13 3 1 0 
1283 839 458 185 48 10 3 1 0 
1305 860 476 198 54 11 3 1 0 
1464 1004 592 269 80 15 3 1 0 
1697 1227 783 410 151 40 8 1 0 
1347 898 507 214 58 11 3 1 0 
1355 905 512 216 58 11 3 1 0 
1660 1191 751 386 132 30 5 1 0 
1613 1145 708 353 111 24 4 1 0 
1243 799 425 159 42 10 3 1 0 
1677 1208 765 394 137 31 5 1 0 
1575 1111 681 336 107 23 4 1 0 
1695 1225 781 409 151 40 8 1 0 
1650 1181 741 378 124 25 4 1 0 
1259 815 441 171 45 10 3 1 0 
1327 882 495 207 55 11 3 1 0 
1392 939 540 237 68 13 3 1 0 
1288 844 463 190 49 10 3 1 0 
1471 1011 599 274 80 15 3 1 0 
1477 1016 604 278 82 15 3 1 0 
1335 889 500 210 56 11 3 1 0 
1456 996 586 265 77 14 3 1 0 
1417 961 557 250 71 13 3 1 0 
1360 910 516 220 60 11 3 1 0 
1511 1049 632 300 93 22 4 1 0 
1354 904 512 216 58 11 3 1 0 
1315 870 485 201 54 11 3 1 0 
1540 1077 656 316 96 22 4 1 0 
1378 927 530 231 65 12 3 1 0 
1500 1038 623 294 93 22 4 1 0 
1329 884 496 208 55 11 3 1 0 
1342 896 505 213 58 11 3 1 0 
1553 1090 668 326 101 22 4 1 0 
1377 926 529 230 65 12 3 1 0 
1602 1135 701 347 110 23 4 1 0 
1278 834 455 182 48 10 3 1 0 
1469 1009 597 272 80 15 3 1 0 
1234 790 417 155 42 10 3 1 0 
1332 887 498 209 56 11 3 1 0 
1470 1010 598 273 80 15 3 1 0 
1603 1136 702 348 110 23 4 1 0 
1289 845 464 191 50 10 3 1 0 
1325 880 493 207 55 11 3 1 0 
1551 1088 666 325 100 22 4 1 0 
1609 1141 705 350 111 24 4 1 0 
1376 926 529 230 65 12 3 1 0 
1313 868 483 200 54 11 3 1 0 
1330 885 497 209 56 11 3 1 0 
1506 1044 627 296 93 22 4 1 0 
1394 941 542 238 68 13 3 1 0 
1403 948 548 241 68 13 3 1 0 
1281 837 458 185 48 10 3 1 0 
1473 1013 601 275 81 15 3 1 0 
1515 1053 636 303 94 22 4 1 0 
1474 1014 602 276 82 15 3 1 0 
1556 1093 671 329 104 22 4 1 0 
1433 975 568 255 71 13 3 1 0 
1373 923 526 228 64 11 3 1 0 
1633 1164 725 364 115 24 4 1 0 
1413 957 554 247 70 13 3 1 0 
1616 1148 710 355 112 24 4 1 0 
135 438 164 85 319 69 212 351 52 199 312 335 309 245 64 248 341 31 139 97 373 150 362 453 260 151 455 283 279 112 288 192 234 224 389 343 380 184 371 463 311 404 425 423 114 118 220 226 263 287 131 51 206 174 132 272 396 111 267 383 458 432 377 163 419 261 275 144 27 134 126 257 180 100 262 291 47 178 310 20 87 421 313 297 2 161 95 289 451 370 54 441 467 188 247 219 66 26 452 38 276 204 214 123 183 400 450 71 203 303 344 78 124 143 440 460 284 173 225 295 434 322 147 215 9 39 198 113 11 246 232 459 431 88 177 414 6 378 45 41 250 146 235 324 109 201 61 205 330 406 89 138 332 415 238 76 465 305 67 394 286 13 84 266 285 325 348 10 353 317 375 172 227 407 436 446 236 413 145 62 338 231 182 79 24 447 299 329 405 387 55 326 86 376 23 270 28 363 3 102 386 157 130 388 82 334 74 162 110 121 128 187 323 437 207 314 42 340 321 209 99 193 433 300 75 290 90 237 57 395 251 80 468 120 409 127 94 216 318 101 281 331 315 259 50 354 426 153 240 208 49 399 221 43 430 398 119 176 360 347 327 108 16 154 456 361 278 241 168 350 140 381 129 274 449 122 4 35 18 282 70 68 53 298 359 428 155 191 7 81 142 32 268 197 403 169 104 141 364 165 72 171 264 213 229 65 60 391 366 196 253 255 462 33 412 34 374 48 316 369 308 156 358 410 345 307 30 77 160 8 385 92 158 461 457 349 339 210 21 0 211 269 435 448 243 159 167 93 133 427 91 352 56 443 83 271 190 103 445 464 200 337 292 346 357 185 379 384 273 189 46 355 392 107 195 170 96 44 29 117 265 40 136 280 466 218 15 333 420 152 444 258 368 137 25 175 294 58 217 186 166 17 256 342 37 252 228 320 301 336 244 365 242 22 254 293 306 356 36 19 401 411 439 202 125 63 105 367 12 59 239 417 14 194 116 372 416 222 1 73 408 454 302 397 98 233 181 148 328 296 418 442 390 429 115 230 149 179 382 469 393 277 402 5 106 424 223 249 422 304 
CHST 0.006571 13.828125
