470 8 1
1628 1159 730 378 146 36 3 1 0 
1525 1063 651 317 105 17 2 1 0 
1573 1108 686 342 121 24 2 1 0 
1346 900 514 223 64 11 2 1 0 
1381 927 533 235 70 11 2 1 0 
1221 786 422 176 56 11 2 1 0 
1282 839 462 193 59 11 2 1 0 
1514 1052 640 307 99 17 2 1 0 
1314 869 488 206 62 11 2 1 0 
1456 994 590 271 83 13 2 1 0 
1635 1166 736 383 150 40 4 1 0 
1488 1026 619 291 92 15 2 1 0 
1213 779 417 175 56 11 2 1 0 
1559 1094 677 333 116 22 2 1 0 
1280 837 460 192 59 11 2 1 0 
1394 939 542 238 73 12 2 1 0 
1436 976 574 258 78 12 2 1 0 
1368 919 527 231 67 11 2 1 0 
1367 918 526 231 67 11 2 1 0 
1398 943 545 239 73 12 2 1 0 
1412 954 556 246 74 12 2 1 0 
1322 876 493 208 62 11 2 1 0 
1512 1050 638 307 99 17 2 1 0 
1601 1133 707 359 131 28 2 1 0 
1490 1028 621 292 93 15 2 1 0 
1539 1076 663 326 111 20 2 1 0 
1332 886 501 214 63 11 2 1 0 
1659 1189 756 398 158 42 4 1 0 
1555 1090 674 331 114 21 2 1 0 
1622 1153 725 375 144 35 3 1 0 
1461 999 595 274 84 13 2 1 0 
1355 908 518 226 66 11 2 1 0 
1578 1112 690 345 124 24 2 1 0 
1467 1005 600 277 85 13 2 1 0 
1667 1197 764 405 165 47 6 1 0 
1459 997 593 274 84 13 2 1 0 
1542 1078 665 326 111 20 2 1 0 
1365 917 525 231 67 11 2 1 0 
1337 891 505 215 63 11 2 1 0 
1411 953 555 245 74 12 2 1 0 
1478 1016 611 284 89 14 2 1 0 
1527 1065 653 319 107 18 2 1 0 
1328 882 498 213 62 11 2 1 0 
1343 897 511 220 64 11 2 1 0 
1566 1101 682 338 118 22 2 1 0 
1364 916 524 230 67 11 2 1 0 
1236 799 431 178 56 11 2 1 0 
1556 1091 674 331 114 21 2 1 0 
1650 1180 747 391 152 40 4 1 0 
1345 899 513 222 64 11 2 1 0 
1489 1027 620 291 92 15 2 1 0 
1473 1011 606 281 87 13 2 1 0 
1641 1171 739 386 150 40 4 1 0 
1237 800 431 178 56 11 2 1 0 
1485 1023 618 290 92 15 2 1 0 
1405 948 550 242 73 12 2 1 0 
1597 1129 705 358 131 28 2 1 0 
1643 1173 740 387 151 40 4 1 0 
1524 1062 650 316 104 17 2 1 0 
1305 860 481 205 62 11 2 1 0 
1670 1200 767 408 168 49 7 1 0 
1477 1015 610 284 89 14 2 1 0 
1238 801 431 178 56 11 2 1 0 
1568 1103 683 339 118 22 2 1 0 
1657 1187 754 397 157 41 4 1 0 
1599 1131 705 358 131 28 2 1 0 
1377 926 533 235 70 11 2 1 0 
1325 879 495 210 62 11 2 1 0 
1250 811 439 181 56 11 2 1 0 
1610 1142 715 367 137 31 3 1 0 
1215 781 419 175 56 11 2 1 0 
1289 845 467 197 60 11 2 1 0 
1363 915 523 230 67 11 2 1 0 
1520 1058 646 312 102 17 2 1 0 
1567 1102 682 338 118 22 2 1 0 
1241 804 433 178 56 11 2 1 0 
1277 835 459 192 59 11 2 1 0 
1563 1098 680 336 118 22 2 1 0 
1342 896 510 220 64 11 2 1 0 
1450 988 585 267 80 12 2 1 0 
1432 972 570 254 77 12 2 1 0 
1336 890 504 215 63 11 2 1 0 
1537 1074 661 325 110 19 2 1 0 
1253 812 440 182 56 11 2 1 0 
1504 1042 631 301 96 16 2 1 0 
1549 1085 670 329 113 21 2 1 0 
1493 1031 624 295 95 16 2 1 0 
1214 780 418 175 56 11 2 1 0 
1344 898 512 221 64 11 2 1 0 
1677 1207 774 415 174 55 10 1 0 
1231 796 429 177 56 11 2 1 0 
1254 813 441 182 56 11 2 1 0 
1248 809 438 180 56 11 2 1 0 
1246 807 436 179 56 11 2 1 0 
1263 822 447 186 57 11 2 1 0 
1341 895 509 219 64 11 2 1 0 
1498 1036 627 298 95 16 2 1 0 
1505 1043 632 301 96 16 2 1 0 
1279 836 460 192 59 11 2 1 0 
1618 1149 722 373 143 34 3 1 0 
1327 881 497 212 62 11 2 1 0 
1517 1055 643 310 101 17 2 1 0 
1471 1009 604 279 85 13 2 1 0 
1558 1093 676 332 115 21 2 1 0 
1447 986 584 266 80 12 2 1 0 
1598 1130 705 358 131 28 2 1 0 
1361 913 522 229 66 11 2 1 0 
1640 1170 738 385 150 40 4 1 0 
1415 956 557 246 74 12 2 1 0 
1574 1109 687 343 122 24 2 1 0 
1395 940 543 238 73 12 2 1 0 
1391 936 540 238 73 12 2 1 0 
1572 1107 685 341 120 24 2 1 0 
1316 871 488 206 62 11 2 1 0 
1653 1183 750 394 154 41 4 1 0 
1353 906 517 226 66 11 2 1 0 
1600 1132 706 358 131 28 2 1 0 
1534 1071 658 324 109 18 2 1 0 
1522 1060 648 314 103 17 2 1 0 
1550 1086 671 329 113 21 2 1 0 
1645 1175 742 387 151 40 4 1 0 
1526 1064 652 318 106 17 2 1 0 
1278 836 460 192 59 11 2 1 0 
1348 902 515 224 65 11 2 1 0 
1264 823 447 186 57 11 2 1 0 
1533 1070 657 323 108 18 2 1 0 
1419 960 560 248 74 12 2 1 0 
1307 862 481 205 62 11 2 1 0 
1560 1095 678 334 117 22 2 1 0 
1268 826 450 187 58 11 2 1 0 
1648 1178 745 389 151 40 4 1 0 
1300 856 477 203 61 11 2 1 0 
1654 1184 751 394 154 41 4 1 0 
1595 1128 704 357 130 27 2 1 0 
1457 995 591 272 83 13 2 1 0 
1508 1046 635 304 99 17 2 1 0 
1577 1111 689 345 124 24 2 1 0 
1634 1165 735 382 150 40 4 1 0 
1660 1190 757 399 159 43 4 1 0 
1306 861 481 205 62 11 2 1 0 
1621 1152 724 374 143 34 3 1 0 
1331 885 500 214 63 11 2 1 0 
1242 805 434 178 56 11 2 1 0 
1626 1157 728 376 144 35 3 1 0 
1347 901 514 223 64 11 2 1 0 
1646 1176 743 387 151 40 4 1 0 
1311 866 485 205 62 11 2 1 0 
1439 979 577 260 78 12 2 1 0 
1359 911 520 227 66 11 2 1 0 
1390 935 539 238 73 12 2 1 0 
1397 942 545 239 73 12 2 1 0 
1530 1068 655 321 108 18 2 1 0 
1538 1075 662 326 111 20 2 1 0 
1445 984 582 265 79 12 2 1 0 
1492 1030 623 294 94 15 2 1 0 
1408 951 553 244 73 12 2 1 0 
1649 1179 746 390 151 40 4 1 0 
1376 926 533 235 70 11 2 1 0 
1303 859 480 204 61 11 2 1 0 
1244 806 435 179 56 11 2 1 0 
1479 1017 612 285 89 14 2 1 0 
1491 1029 622 293 93 15 2 1 0 
1431 972 570 254 77 12 2 1 0 
1313 868 487 205 62 11 2 1 0 
1551 1087 672 329 113 21 2 1 0 
1281 838 461 192 59 11 2 1 0 
1671 1201 768 409 169 50 7 1 0 
1396 941 544 239 73 12 2 1 0 
1443 982 580 263 79 12 2 1 0 
1288 844 466 196 59 11 2 1 0 
1256 815 443 184 56 11 2 1 0 
1655 1185 752 395 155 41 4 1 0 
1269 827 451 188 58 11 2 1 0 
1224 789 423 176 56 11 2 1 0 
1639 1169 737 384 150 40 4 1 0 
1637 1168 737 384 150 40 4 1 0 
1665 1195 762 404 164 46 6 1 0 
1418 959 559 247 74 12 2 1 0 
1544 1080 666 327 112 21 2 1 0 
1561 1096 679 335 118 22 2 1 0 
1370 921 528 231 67 11 2 1 0 
1308 863 482 205 62 11 2 1 0 
1225 790 424 176 56 11 2 1 0 
1245 807 436 179 56 11 2 1 0 
1468 1006 601 277 85 13 2 1 0 
1373 923 530 232 67 11 2 1 0 
1594 1127 703 356 129 27 2 1 0 
1669 1199 766 407 167 48 6 1 0 
1375 925 532 234 69 11 2 1 0 
1326 880 496 211 62 11 2 1 0 
1420 961 561 249 74 12 2 1 0 
1406 949 551 242 73 12 2 1 0 
1661 1191 758 400 160 43 4 1 0 
1293 849 471 199 60 11 2 1 0 
1446 985 583 265 79 12 2 1 0 
1399 943 545 239 73 12 2 1 0 
1482 1020 615 287 91 15 2 1 0 
1334 888 502 214 63 11 2 1 0 
1329 883 498 213 62 11 2 1 0 
1294 850 472 200 60 11 2 1 0 
1647 1177 744 388 151 40 4 1 0 
1235 799 431 178 56 11 2 1 0 
1393 938 541 238 73 12 2 1 0 
1421 962 562 250 75 12 2 1 0 
1229 794 428 177 56 11 2 1 0 
1255 814 442 183 56 11 2 1 0 
1499 1037 628 298 95 16 2 1 0 
1617 1148 721 372 142 34 3 1 0 
1349 903 515 224 65 11 2 1 0 
1663 1193 760 402 162 44 5 1 0 
1407 950 552 243 73 12 2 1 0 
1511 1049 637 306 99 17 2 1 0 
1417 958 558 247 74 12 2 1 0 
1583 1116 693 347 125 25 2 1 0 
1247 808 437 179 56 11 2 1 0 
1604 1136 710 362 133 29 2 1 0 
1668 1198 765 406 166 47 6 1 0 
1675 1205 772 413 172 53 8 1 0 
1607 1139 713 365 136 31 3 1 0 
1369 920 527 231 67 11 2 1 0 
1673 1203 770 411 171 52 7 1 0 
1480 1018 613 286 90 14 2 1 0 
1602 1134 708 360 131 28 2 1 0 
1464 1002 597 275 84 13 2 1 0 
1593 1126 702 355 129 27 2 1 0 
1614 1145 718 369 139 33 3 1 0 
1414 956 557 246 74 12 2 1 0 
1472 1010 605 280 86 13 2 1 0 
1434 974 572 256 77 12 2 1 0 
1515 1053 641 308 100 17 2 1 0 
1319 873 490 207 62 11 2 1 0 
1529 1067 654 320 107 18 2 1 0 
1257 816 444 185 57 11 2 1 0 
1333 887 501 214 63 11 2 1 0 
1428 969 568 253 76 12 2 1 0 
1507 1045 634 303 98 16 2 1 0 
1228 793 427 177 56 11 2 1 0 
1297 853 475 201 60 11 2 1 0 
1270 828 452 189 58 11 2 1 0 
1543 1079 665 326 111 20 2 1 0 
1452 990 587 268 81 12 2 1 0 
1587 1120 696 349 126 26 2 1 0 
1243 805 434 178 56 11 2 1 0 
1427 968 567 253 76 12 2 1 0 
1483 1021 616 288 91 15 2 1 0 
1309 864 483 205 62 11 2 1 0 
1506 1044 633 302 97 16 2 1 0 
1589 1122 698 351 126 26 2 1 0 
1383 929 535 235 70 11 2 1 0 
1518 1056 644 311 101 17 2 1 0 
1608 1140 714 366 136 31 3 1 0 
1540 1076 663 326 111 20 2 1 0 
1564 1099 681 337 118 22 2 1 0 
1233 797 430 177 56 11 2 1 0 
1596 1129 705 358 131 28 2 1 0 
1379 926 533 235 70 11 2 1 0 
1272 830 454 190 59 11 2 1 0 
1651 1181 748 392 153 40 4 1 0 
1565 1100 681 337 118 22 2 1 0 
1638 1168 737 384 150 40 4 1 0 
1548 1084 669 329 113 21 2 1 0 
1223 788 423 176 56 11 2 1 0 
1613 1144 717 368 138 32 3 1 0 
1234 798 430 177 56 11 2 1 0 
1656 1186 753 396 156 41 4 1 0 
1227 792 426 177 56 11 2 1 0 
1603 1135 709 361 132 28 2 1 0 
1516 1054 642 309 100 17 2 1 0 
1251 812 440 182 56 11 2 1 0 
1404 948 550 242 73 12 2 1 0 
1354 907 517 226 66 11 2 1 0 
1652 1182 749 393 154 41 4 1 0 
1466 1004 599 277 85 13 2 1 0 
1586 1119 695 349 126 26 2 1 0 
1510 1048 637 306 99 17 2 1 0 
1410 953 555 245 74 12 2 1 0 
1546 1082 667 328 112 21 2 1 0 
1424 965 565 252 76 12 2 1 0 
1210 777 416 175 56 11 2 1 0 
1429 970 569 254 77 12 2 1 0 
1230 795 428 177 56 11 2 1 0 
1591 1124 700 353 127 26 2 1 0 
1260 819 446 186 57 11 2 1 0 
1496 1034 625 296 95 16 2 1 0 
1340 894 508 218 64 11 2 1 0 
1209 776 416 175 56 11 2 1 0 
1624 1155 726 375 144 35 3 1 0 
1631 1162 733 381 149 39 3 1 0 
1581 1115 692 346 124 24 2 1 0 
1298 854 475 201 60 11 2 1 0 
1465 1003 598 276 84 13 2 1 0 
1521 1059 647 313 102 17 2 1 0 
1392 937 541 238 73 12 2 1 0 
1475 1013 608 283 89 14 2 1 0 
1474 1012 607 282 88 14 2 1 0 
1451 989 586 267 80 12 2 1 0 
1339 893 507 217 63 11 2 1 0 
1301 857 478 203 61 11 2 1 0 
1462 1000 596 274 84 13 2 1 0 
1312 867 486 205 62 11 2 1 0 
1358 910 520 227 66 11 2 1 0 
1588 1121 697 350 126 26 2 1 0 
1476 1014 609 283 89 14 2 1 0 
1460 998 594 274 84 13 2 1 0 
1335 889 503 214 63 11 2 1 0 
1437 977 575 259 78 12 2 1 0 
1360 912 521 228 66 11 2 1 0 
1519 1057 645 311 101 17 2 1 0 
1611 1142 715 367 137 31 3 1 0 
1532 1069 656 322 108 18 2 1 0 
1495 1033 624 295 95 16 2 1 0 
1444 983 581 264 79 12 2 1 0 
1259 818 445 185 57 11 2 1 0 
1387 933 538 238 73 12 2 1 0 
1388 934 538 238 73 12 2 1 0 
1320 874 491 207 62 11 2 1 0 
1557 1092 675 331 114 21 2 1 0 
1484 1022 617 289 92 15 2 1 0 
1469 1007 602 277 85 13 2 1 0 
1261 820 446 186 57 11 2 1 0 
1371 922 529 232 67 11 2 1 0 
1481 1019 614 287 91 15 2 1 0 
1636 1167 736 383 150 40 4 1 0 
1585 1118 695 349 126 26 2 1 0 
1672 1202 769 410 170 51 7 1 0 
1486 1024 618 290 92 15 2 1 0 
1273 831 455 190 59 11 2 1 0 
1315 870 488 206 62 11 2 1 0 
1409 952 554 245 74 12 2 1 0 
1627 1158 729 377 145 36 3 1 0 
1440 980 578 261 78 12 2 1 0 
1258 817 445 185 57 11 2 1 0 
1571 1106 685 341 120 24 2 1 0 
1435 975 573 257 77 12 2 1 0 
1403 947 549 241 73 12 2 1 0 
1239 802 432 178 56 11 2 1 0 
1545 1081 666 327 112 21 2 1 0 
1413 955 556 246 74 12 2 1 0 
1266 825 449 186 57 11 2 1 0 
1212 778 416 175 56 11 2 1 0 
1285 842 464 195 59 11 2 1 0 
1267 825 449 186 57 11 2 1 0 
1616 1147 720 371 141 33 3 1 0 
1385 931 537 237 72 11 2 1 0 
1584 1117 694 348 125 25 2 1 0 
1619 1150 722 373 143 34 3 1 0 
1513 1051 639 307 99 17 2 1 0 
1208 775 416 175 56 11 2 1 0 
1442 981 579 262 78 12 2 1 0 
1232 796 429 177 56 11 2 1 0 
1386 932 538 238 73 12 2 1 0 
1291 847 469 198 60 11 2 1 0 
1265 824 448 186 57 11 2 1 0 
1425 966 566 252 76 12 2 1 0 
1523 1061 649 315 104 17 2 1 0 
1644 1174 741 387 151 40 4 1 0 
1330 884 499 213 62 11 2 1 0 
1470 1008 603 278 85 13 2 1 0 
1299 855 476 202 60 11 2 1 0 
1632 1163 734 382 150 40 4 1 0 
1441 981 579 262 78 12 2 1 0 
1625 1156 727 376 144 35 3 1 0 
1575 1110 688 344 123 24 2 1 0 
1310 865 484 205 62 11 2 1 0 
1547 1083 668 328 112 21 2 1 0 
1606 1138 712 364 135 31 3 1 0 
1226 791 425 176 56 11 2 1 0 
1274 832 456 190 59 11 2 1 0 
1287 843 465 196 59 11 2 1 0 
1612 1143 716 367 137 31 3 1 0 
1296 852 474 201 60 11 2 1 0 
1454 992 588 269 82 13 2 1 0 
1374 924 531 233 68 11 2 1 0 
1458 996 592 273 84 13 2 1 0 
1658 1188 755 398 158 42 4 1 0 
1252 812 440 182 56 11 2 1 0 
1433 973 571 255 77 12 2 1 0 
1402 946 548 241 73 12 2 1 0 
1304 860 481 205 62 11 2 1 0 
1400 944 546 240 73 12 2 1 0 
1401 945 547 241 73 12 2 1 0 
1623 1154 725 375 144 35 3 1 0 
1605 1137 711 363 134 30 3 1 0 
1569 1104 684 340 119 23 2 1 0 
1664 1194 761 403 163 45 6 1 0 
1356 909 519 226 66 11 2 1 0 
1676 1206 773 414 173 54 9 1 0 
1503 1041 630 300 96 16 2 1 0 
1582 1115 692 346 124 24 2 1 0 
1302 858 479 203 61 11 2 1 0 
1500 1038 629 299 95 16 2 1 0 
1324 878 494 209 62 11 2 1 0 
1535 1072 659 324 109 18 2 1 0 
1674 1204 771 412 172 53 8 1 0 
1378 926 533 235 70 11 2 1 0 
1211 777 416 175 56 11 2 1 0 
1453 991 588 269 82 13 2 1 0 
1219 785 421 176 56 11 2 1 0 
1357 910 520 227 66 11 2 1 0 
1240 803 433 178 56 11 2 1 0 
1536 1073 660 325 110 19 2 1 0 
1295 851 473 201 60 11 2 1 0 
1590 1123 699 352 127 26 2 1 0 
1275 833 457 190 59 11 2 1 0 
1430 971 569 254 77 12 2 1 0 
1362 914 523 230 67 11 2 1 0 
1220 786 422 176 56 11 2 1 0 
1487 1025 619 291 92 15 2 1 0 
1509 1047 636 305 99 17 2 1 0 
1283 840 463 194 59 11 2 1 0 
1502 1040 630 300 96 16 2 1 0 
1553 1089 673 330 114 21 2 1 0 
1350 904 516 225 66 11 2 1 0 
1629 1160 731 379 147 37 3 1 0 
1576 1110 688 344 123 24 2 1 0 
1321 875 492 208 62 11 2 1 0 
1633 1164 734 382 150 40 4 1 0 
1455 993 589 270 82 13 2 1 0 
1497 1035 626 297 95 16 2 1 0 
1642 1172 740 387 151 40 4 1 0 
1416 957 558 247 74 12 2 1 0 
1662 1192 759 401 161 44 5 1 0 
1615 1146 719 370 140 33 3 1 0 
1290 846 468 197 60 11 2 1 0 
1372 923 530 232 67 11 2 1 0 
1276 834 458 191 59 11 2 1 0 
1338 892 506 216 63 11 2 1 0 
1218 784 421 176 56 11 2 1 0 
1592 1125 701 354 128 26 2 1 0 
1528 1066 654 320 107 18 2 1 0 
1384 930 536 236 71 11 2 1 0 
1249 810 439 181 56 11 2 1 0 
1562 1097 680 336 118 22 2 1 0 
1423 964 564 252 76 12 2 1 0 
1323 877 493 208 62 11 2 1 0 
1579 1113 691 346 124 24 2 1 0 
1422 963 563 251 75 12 2 1 0 
1570 1105 685 341 120 24 2 1 0 
1426 967 567 253 76 12 2 1 0 
1580 1114 691 346 124 24 2 1 0 
1380 926 533 235 70 11 2 1 0 
1630 1161 732 380 148 38 3 1 0 
1317 872 489 207 62 11 2 1 0 
1449 987 585 267 80 12 2 1 0 
1366 917 525 231 67 11 2 1 0 
1222 787 422 176 56 11 2 1 0 
1494 1032 624 295 95 16 2 1 0 
1554 1090 674 331 114 21 2 1 0 
1217 783 421 176 56 11 2 1 0 
1448 987 585 267 80 12 2 1 0 
1292 848 470 199 60 11 2 1 0 
1382 928 534 235 70 11 2 1 0 
1438 978 576 259 78 12 2 1 0 
1609 1141 714 366 136 31 3 1 0 
1318 872 489 207 62 11 2 1 0 
1552 1088 673 330 114 21 2 1 0 
1531 1068 655 321 108 18 2 1 0 
1389 935 539 238 73 12 2 1 0 
1286 842 464 195 59 11 2 1 0 
1284 841 463 194 59 11 2 1 0 
1501 1039 630 300 96 16 2 1 0 
1351 905 517 226 66 11 2 1 0 
1262 821 446 186 57 11 2 1 0 
1352 906 517 226 66 11 2 1 0 
1620 1151 723 373 143 34 3 1 0 
1216 782 420 175 56 11 2 1 0 
1666 1196 763 404 164 46 6 1 0 
1541 1077 664 326 111 20 2 1 0 
1271 829 453 189 58 11 2 1 0 
1463 1001 596 274 84 13 2 1 0 
347 350 359 167 282 448 135 271 457 279 150 433 114 419 168 378 141 225 20 8 229 323 254 396 35 265 460 29 122 178 372 201 37 461 313 159 86 400 181 249 438 157 260 351 305 152 431 398 138 25 442 285 14 303 306 393 118 267 423 327 293 435 92 274 272 40 377 329 408 447 264 121 160 331 324 183 449 54 295 288 21 103 311 3 439 365 404 81 69 384 99 373 128 424 417 407 257 26 200 175 123 109 116 90 119 316 4 464 412 297 105 216 223 463 17 197 251 63 358 290 70 97 349 420 96 340 95 454 240 76 107 189 432 335 228 381 19 406 142 184 104 362 41 248 220 259 227 147 94 53 30 409 332 283 314 301 205 304 287 98 325 268 275 102 374 243 300 458 437 399 66 67 47 446 28 360 203 261 139 361 394 425 414 22 16 48 299 34 130 343 326 459 65 10 146 158 346 345 273 215 31 176 336 238 32 124 427 174 100 162 230 385 180 136 177 291 64 210 354 450 50 401 426 117 149 9 364 281 352 151 211 397 317 78 165 79 302 255 298 389 444 375 428 82 214 386 430 312 213 134 467 195 368 206 219 315 422 36 413 321 101 126 208 11 357 296 57 91 403 344 170 226 319 24 443 244 388 194 108 262 278 131 468 242 391 328 355 334 410 71 221 38 434 383 418 421 171 286 415 390 143 110 465 342 241 330 441 429 72 455 161 42 172 246 379 252 193 218 59 250 112 186 27 212 127 163 129 204 73 62 436 166 232 269 236 154 256 207 75 462 339 284 217 148 23 235 452 266 60 58 89 411 416 231 93 318 338 5 247 376 234 337 466 333 191 270 12 371 190 43 237 370 113 68 55 15 239 199 382 44 440 80 179 363 222 277 0 289 280 387 348 106 173 1 192 125 395 84 169 445 46 2 294 185 308 88 469 137 18 77 380 233 453 49 253 140 209 292 45 133 111 263 83 310 153 132 155 7 164 187 245 56 156 182 367 322 356 224 144 74 276 13 402 202 87 61 188 309 392 369 51 198 320 115 39 85 33 341 456 145 451 52 120 307 258 366 353 405 6 196 
CHST 0.007089 13.828125
