470 8 1
1568 1099 666 328 115 28 2 1 0 
1670 1200 756 396 160 47 7 1 0 
1377 920 523 234 71 14 2 1 0 
1281 831 452 186 57 13 2 1 0 
1493 1027 606 286 94 19 2 1 0 
1539 1071 640 304 98 19 2 1 0 
1320 867 482 206 62 13 2 1 0 
1667 1197 754 394 159 47 7 1 0 
1266 816 441 184 56 13 2 1 0 
1579 1109 674 335 118 29 3 1 0 
1576 1106 672 334 118 29 3 1 0 
1373 916 521 233 71 14 2 1 0 
1535 1067 637 302 97 19 2 1 0 
1399 940 539 245 74 14 2 1 0 
1265 815 440 184 56 13 2 1 0 
1226 781 417 172 55 13 2 1 0 
1307 856 471 200 60 13 2 1 0 
1489 1023 605 286 94 19 2 1 0 
1491 1025 605 286 94 19 2 1 0 
1244 797 429 178 55 13 2 1 0 
1282 832 453 187 57 13 2 1 0 
1416 956 550 253 80 15 2 1 0 
1671 1201 757 397 161 47 7 1 0 
1641 1171 731 378 147 40 5 1 0 
1382 924 526 236 71 14 2 1 0 
1402 943 542 247 75 14 2 1 0 
1527 1059 631 299 96 19 2 1 0 
1621 1151 712 364 135 35 3 1 0 
1606 1136 697 351 125 31 3 1 0 
1441 978 567 263 85 16 2 1 0 
1369 912 517 230 70 14 2 1 0 
1463 999 586 274 90 18 2 1 0 
1516 1048 621 293 94 19 2 1 0 
1354 898 507 225 70 14 2 1 0 
1674 1204 760 400 164 49 7 1 0 
1370 913 518 230 70 14 2 1 0 
1405 945 544 248 76 14 2 1 0 
1501 1035 612 286 94 19 2 1 0 
1556 1087 654 316 105 22 2 1 0 
1283 833 454 188 57 13 2 1 0 
1457 994 581 271 89 18 2 1 0 
1635 1165 725 373 142 38 4 1 0 
1386 927 528 237 71 14 2 1 0 
1274 824 447 186 57 13 2 1 0 
1409 949 547 251 78 14 2 1 0 
1508 1040 615 289 94 19 2 1 0 
1341 885 494 214 65 13 2 1 0 
1601 1131 693 347 124 31 3 1 0 
1615 1145 706 358 130 33 3 1 0 
1454 991 578 270 88 18 2 1 0 
1375 918 521 233 71 14 2 1 0 
1413 953 549 252 79 14 2 1 0 
1588 1118 682 341 121 29 3 1 0 
1287 837 456 190 57 13 2 1 0 
1255 806 436 182 56 13 2 1 0 
1242 795 427 176 55 13 2 1 0 
1551 1083 650 312 103 22 2 1 0 
1577 1107 673 335 118 29 3 1 0 
1654 1184 741 384 152 43 6 1 0 
1311 858 473 201 61 13 2 1 0 
1659 1189 746 389 156 46 7 1 0 
1447 984 572 267 88 18 2 1 0 
1286 836 456 190 57 13 2 1 0 
1394 935 535 242 74 14 2 1 0 
1624 1154 715 365 136 35 3 1 0 
1553 1084 651 313 103 22 2 1 0 
1504 1038 614 288 94 19 2 1 0 
1420 960 554 255 81 15 2 1 0 
1291 841 459 191 57 13 2 1 0 
1360 904 511 227 70 14 2 1 0 
1480 1015 598 281 92 18 2 1 0 
1528 1060 632 300 96 19 2 1 0 
1509 1041 616 289 94 19 2 1 0 
1661 1191 748 390 157 46 7 1 0 
1410 950 547 251 78 14 2 1 0 
1313 860 475 202 61 13 2 1 0 
1267 817 441 184 56 13 2 1 0 
1397 938 537 243 74 14 2 1 0 
1278 828 449 186 57 13 2 1 0 
1257 808 437 183 56 13 2 1 0 
1330 877 488 209 63 13 2 1 0 
1554 1085 652 314 104 22 2 1 0 
1404 944 543 247 75 14 2 1 0 
1426 965 558 258 83 15 2 1 0 
1520 1052 625 295 94 19 2 1 0 
1590 1120 684 343 123 31 3 1 0 
1643 1173 732 379 148 41 6 1 0 
1477 1012 596 280 92 18 2 1 0 
1280 830 451 186 57 13 2 1 0 
1639 1169 729 376 145 39 5 1 0 
1472 1007 591 277 90 18 2 1 0 
1427 966 558 258 83 15 2 1 0 
1484 1019 602 283 93 18 2 1 0 
1338 882 492 212 64 13 2 1 0 
1220 776 413 171 55 13 2 1 0 
1452 989 576 268 88 18 2 1 0 
1644 1174 733 379 148 41 6 1 0 
1499 1033 610 286 94 19 2 1 0 
1268 818 442 184 56 13 2 1 0 
1440 977 567 263 85 16 2 1 0 
1433 970 561 260 83 15 2 1 0 
1593 1123 686 345 123 31 3 1 0 
1371 914 519 231 70 14 2 1 0 
1612 1142 703 356 129 32 3 1 0 
1263 813 439 184 56 13 2 1 0 
1647 1177 736 381 149 42 6 1 0 
1474 1009 593 278 90 18 2 1 0 
1581 1111 676 336 118 29 3 1 0 
1299 848 463 193 57 13 2 1 0 
1517 1049 622 294 94 19 2 1 0 
1213 769 409 171 55 13 2 1 0 
1225 780 416 172 55 13 2 1 0 
1400 941 540 246 74 14 2 1 0 
1251 803 434 182 56 13 2 1 0 
1609 1139 700 354 128 32 3 1 0 
1461 998 585 274 90 18 2 1 0 
1467 1003 589 276 90 18 2 1 0 
1614 1144 705 357 129 32 3 1 0 
1650 1180 738 382 150 42 6 1 0 
1591 1121 684 343 123 31 3 1 0 
1586 1116 680 340 120 29 3 1 0 
1669 1199 756 396 160 47 7 1 0 
1264 814 439 184 56 13 2 1 0 
1469 1005 590 276 90 18 2 1 0 
1218 774 411 171 55 13 2 1 0 
1597 1127 689 346 124 31 3 1 0 
1284 834 455 189 57 13 2 1 0 
1309 857 472 201 61 13 2 1 0 
1436 973 563 261 84 15 2 1 0 
1275 825 447 186 57 13 2 1 0 
1618 1148 709 361 132 33 3 1 0 
1525 1057 629 299 96 19 2 1 0 
1658 1188 745 388 156 46 7 1 0 
1640 1170 730 377 146 40 5 1 0 
1585 1115 679 339 119 29 3 1 0 
1645 1175 734 379 148 41 6 1 0 
1519 1051 624 294 94 19 2 1 0 
1572 1103 670 332 116 29 3 1 0 
1620 1150 711 363 134 34 3 1 0 
1432 969 560 259 83 15 2 1 0 
1559 1090 657 319 106 23 2 1 0 
1524 1056 629 299 96 19 2 1 0 
1288 838 457 190 57 13 2 1 0 
1393 934 534 241 73 14 2 1 0 
1277 827 448 186 57 13 2 1 0 
1616 1146 707 359 131 33 3 1 0 
1336 881 491 211 64 13 2 1 0 
1304 853 468 198 60 13 2 1 0 
1293 843 460 191 57 13 2 1 0 
1223 779 415 172 55 13 2 1 0 
1246 798 429 178 55 13 2 1 0 
1600 1130 692 347 124 31 3 1 0 
1408 948 546 250 77 14 2 1 0 
1256 807 437 183 56 13 2 1 0 
1387 928 529 238 71 14 2 1 0 
1239 793 425 175 55 13 2 1 0 
1617 1147 708 360 131 33 3 1 0 
1505 1038 614 288 94 19 2 1 0 
1523 1055 628 298 96 19 2 1 0 
1314 861 476 203 61 13 2 1 0 
1455 992 579 270 88 18 2 1 0 
1381 923 525 235 71 14 2 1 0 
1331 877 488 209 63 13 2 1 0 
1308 857 472 201 61 13 2 1 0 
1594 1124 687 346 124 31 3 1 0 
1270 820 443 185 56 13 2 1 0 
1663 1193 750 390 157 46 7 1 0 
1227 782 418 173 55 13 2 1 0 
1423 963 557 257 82 15 2 1 0 
1340 884 493 213 64 13 2 1 0 
1531 1063 634 301 97 19 2 1 0 
1611 1141 702 355 128 32 3 1 0 
1248 800 431 179 55 13 2 1 0 
1532 1064 634 301 97 19 2 1 0 
1571 1102 669 331 116 29 3 1 0 
1574 1104 671 333 117 29 3 1 0 
1660 1190 747 390 157 46 7 1 0 
1327 874 486 208 63 13 2 1 0 
1632 1162 722 370 140 37 4 1 0 
1411 951 548 251 78 14 2 1 0 
1495 1029 608 286 94 19 2 1 0 
1418 958 552 254 81 15 2 1 0 
1537 1069 638 302 97 19 2 1 0 
1337 882 492 212 64 13 2 1 0 
1355 899 507 225 70 14 2 1 0 
1498 1032 609 286 94 19 2 1 0 
1547 1079 646 308 100 20 2 1 0 
1679 1209 765 405 167 52 10 1 0 
1290 840 458 190 57 13 2 1 0 
1380 922 524 234 71 14 2 1 0 
1300 849 464 194 58 13 2 1 0 
1249 801 432 180 55 13 2 1 0 
1589 1119 683 342 122 30 3 1 0 
1496 1030 608 286 94 19 2 1 0 
1260 810 437 183 56 13 2 1 0 
1245 797 429 178 55 13 2 1 0 
1252 804 435 182 56 13 2 1 0 
1529 1061 633 300 96 19 2 1 0 
1401 942 541 246 74 14 2 1 0 
1543 1075 643 305 98 19 2 1 0 
1580 1110 675 336 118 29 3 1 0 
1285 835 456 190 57 13 2 1 0 
1219 775 412 171 55 13 2 1 0 
1269 819 442 184 56 13 2 1 0 
1470 1006 591 277 90 18 2 1 0 
1428 967 558 258 83 15 2 1 0 
1646 1176 735 380 148 41 6 1 0 
1443 980 569 264 86 16 2 1 0 
1468 1004 590 276 90 18 2 1 0 
1636 1166 726 374 143 39 5 1 0 
1238 792 424 175 55 13 2 1 0 
1651 1181 739 383 151 43 6 1 0 
1325 872 484 208 63 13 2 1 0 
1648 1178 737 382 150 42 6 1 0 
1315 862 477 203 61 13 2 1 0 
1672 1202 758 398 162 48 7 1 0 
1673 1203 759 399 163 49 7 1 0 
1676 1206 762 402 165 50 8 1 0 
1389 930 531 239 72 14 2 1 0 
1490 1024 605 286 94 19 2 1 0 
1681 1211 767 407 169 53 11 1 0 
1460 997 584 273 89 18 2 1 0 
1655 1185 742 385 153 44 6 1 0 
1372 915 520 232 70 14 2 1 0 
1550 1082 649 311 103 22 2 1 0 
1565 1096 663 325 112 26 2 1 0 
1298 847 462 193 57 13 2 1 0 
1365 908 514 229 70 14 2 1 0 
1548 1080 647 309 101 21 2 1 0 
1666 1196 753 393 159 47 7 1 0 
1384 925 527 237 71 14 2 1 0 
1608 1138 699 353 127 32 3 1 0 
1247 799 430 178 55 13 2 1 0 
1526 1058 630 299 96 19 2 1 0 
1350 894 503 222 68 13 2 1 0 
1438 975 565 261 84 15 2 1 0 
1486 1021 603 284 93 18 2 1 0 
1545 1077 644 306 98 19 2 1 0 
1279 829 450 186 57 13 2 1 0 
1406 946 544 248 76 14 2 1 0 
1352 896 505 224 69 13 2 1 0 
1459 996 583 272 89 18 2 1 0 
1345 889 498 217 66 13 2 1 0 
1348 892 501 220 68 13 2 1 0 
1376 919 522 233 71 14 2 1 0 
1272 822 445 185 56 13 2 1 0 
1518 1050 623 294 94 19 2 1 0 
1446 983 571 266 87 17 2 1 0 
1515 1047 620 292 94 19 2 1 0 
1604 1134 695 349 124 31 3 1 0 
1390 931 532 240 72 14 2 1 0 
1403 943 542 247 75 14 2 1 0 
1412 952 548 251 78 14 2 1 0 
1487 1021 603 284 93 18 2 1 0 
1552 1083 650 312 103 22 2 1 0 
1506 1039 614 288 94 19 2 1 0 
1344 888 497 216 65 13 2 1 0 
1619 1149 710 362 133 33 3 1 0 
1584 1114 678 338 119 29 3 1 0 
1573 1104 671 333 117 29 3 1 0 
1598 1128 690 346 124 31 3 1 0 
1533 1065 635 301 97 19 2 1 0 
1563 1094 661 323 110 25 2 1 0 
1485 1020 603 284 93 18 2 1 0 
1622 1152 713 364 135 35 3 1 0 
1473 1008 592 277 90 18 2 1 0 
1680 1210 766 406 168 52 10 1 0 
1664 1194 751 391 157 46 7 1 0 
1425 964 558 258 83 15 2 1 0 
1241 795 427 176 55 13 2 1 0 
1449 986 574 268 88 18 2 1 0 
1625 1155 716 366 137 36 3 1 0 
1367 910 516 230 70 14 2 1 0 
1444 981 570 265 87 17 2 1 0 
1652 1182 739 383 151 43 6 1 0 
1326 873 485 208 63 13 2 1 0 
1603 1133 695 349 124 31 3 1 0 
1322 869 483 207 62 13 2 1 0 
1317 864 479 204 61 13 2 1 0 
1328 875 487 209 63 13 2 1 0 
1453 990 577 269 88 18 2 1 0 
1465 1001 588 275 90 18 2 1 0 
1234 789 422 174 55 13 2 1 0 
1630 1160 720 368 139 37 4 1 0 
1276 826 448 186 57 13 2 1 0 
1478 1013 597 280 92 18 2 1 0 
1442 979 568 263 85 16 2 1 0 
1678 1208 764 404 166 51 9 1 0 
1419 959 553 255 81 15 2 1 0 
1544 1076 644 306 98 19 2 1 0 
1353 897 506 225 70 14 2 1 0 
1633 1163 723 371 140 37 4 1 0 
1214 770 409 171 55 13 2 1 0 
1456 993 580 271 89 18 2 1 0 
1566 1097 664 326 113 27 2 1 0 
1261 811 437 183 56 13 2 1 0 
1561 1092 659 321 108 24 2 1 0 
1530 1062 633 300 96 19 2 1 0 
1356 900 508 225 70 14 2 1 0 
1385 926 527 237 71 14 2 1 0 
1294 844 460 191 57 13 2 1 0 
1476 1011 595 279 91 18 2 1 0 
1458 995 582 271 89 18 2 1 0 
1368 911 517 230 70 14 2 1 0 
1546 1078 645 307 99 19 2 1 0 
1303 852 467 197 60 13 2 1 0 
1296 845 461 192 57 13 2 1 0 
1634 1164 724 372 141 37 4 1 0 
1361 904 511 227 70 14 2 1 0 
1595 1125 688 346 124 31 3 1 0 
1629 1159 719 368 139 37 4 1 0 
1318 865 480 205 62 13 2 1 0 
1230 785 420 174 55 13 2 1 0 
1216 772 410 171 55 13 2 1 0 
1217 773 410 171 55 13 2 1 0 
1434 971 562 260 83 15 2 1 0 
1521 1053 626 296 95 19 2 1 0 
1253 805 435 182 56 13 2 1 0 
1366 909 515 230 70 14 2 1 0 
1233 788 422 174 55 13 2 1 0 
1494 1028 607 286 94 19 2 1 0 
1254 805 435 182 56 13 2 1 0 
1575 1105 672 334 118 29 3 1 0 
1445 982 570 265 87 17 2 1 0 
1675 1205 761 401 164 49 7 1 0 
1262 812 438 183 56 13 2 1 0 
1250 802 433 181 55 13 2 1 0 
1271 821 444 185 56 13 2 1 0 
1324 871 484 208 63 13 2 1 0 
1564 1095 662 324 111 26 2 1 0 
1319 866 481 205 62 13 2 1 0 
1229 784 420 174 55 13 2 1 0 
1378 921 524 234 71 14 2 1 0 
1332 878 489 210 63 13 2 1 0 
1243 796 428 177 55 13 2 1 0 
1289 839 457 190 57 13 2 1 0 
1656 1186 743 386 154 45 7 1 0 
1297 846 462 193 57 13 2 1 0 
1236 790 423 175 55 13 2 1 0 
1481 1016 599 281 92 18 2 1 0 
1334 879 490 211 64 13 2 1 0 
1235 790 423 175 55 13 2 1 0 
1569 1100 667 329 115 28 2 1 0 
1514 1046 619 292 94 19 2 1 0 
1649 1179 737 382 150 42 6 1 0 
1439 976 566 262 85 16 2 1 0 
1665 1195 752 392 158 47 7 1 0 
1482 1017 600 282 92 18 2 1 0 
1305 854 469 199 60 13 2 1 0 
1471 1006 591 277 90 18 2 1 0 
1215 771 410 171 55 13 2 1 0 
1488 1022 604 285 93 18 2 1 0 
1228 783 419 174 55 13 2 1 0 
1346 890 499 218 67 13 2 1 0 
1653 1183 740 384 152 43 6 1 0 
1578 1108 674 335 118 29 3 1 0 
1422 962 556 256 81 15 2 1 0 
1398 939 538 244 74 14 2 1 0 
1511 1043 618 291 94 19 2 1 0 
1582 1112 677 337 118 29 3 1 0 
1306 855 470 199 60 13 2 1 0 
1392 933 533 241 73 14 2 1 0 
1395 936 536 243 74 14 2 1 0 
1431 969 560 259 83 15 2 1 0 
1599 1129 691 346 124 31 3 1 0 
1362 905 511 227 70 14 2 1 0 
1538 1070 639 303 97 19 2 1 0 
1232 787 421 174 55 13 2 1 0 
1231 786 421 174 55 13 2 1 0 
1388 929 530 239 72 14 2 1 0 
1510 1042 617 290 94 19 2 1 0 
1363 906 512 228 70 14 2 1 0 
1555 1086 653 315 104 22 2 1 0 
1364 907 513 228 70 14 2 1 0 
1623 1153 714 364 135 35 3 1 0 
1424 964 558 258 83 15 2 1 0 
1349 893 502 221 68 13 2 1 0 
1301 850 465 195 59 13 2 1 0 
1310 858 473 201 61 13 2 1 0 
1222 778 414 171 55 13 2 1 0 
1240 794 426 176 55 13 2 1 0 
1560 1091 658 320 107 23 2 1 0 
1549 1081 648 310 102 21 2 1 0 
1359 903 510 226 70 14 2 1 0 
1668 1198 755 395 159 47 7 1 0 
1450 987 575 268 88 18 2 1 0 
1682 1212 768 408 170 54 12 1 0 
1626 1156 717 367 138 37 4 1 0 
1435 972 563 261 84 15 2 1 0 
1522 1054 627 297 96 19 2 1 0 
1631 1161 721 369 139 37 4 1 0 
1383 925 527 237 71 14 2 1 0 
1613 1143 704 357 129 32 3 1 0 
1677 1207 763 403 165 50 8 1 0 
1492 1026 606 286 94 19 2 1 0 
1316 863 478 204 61 13 2 1 0 
1570 1101 668 330 116 29 3 1 0 
1536 1068 637 302 97 19 2 1 0 
1295 844 460 191 57 13 2 1 0 
1342 886 495 214 65 13 2 1 0 
1557 1088 655 317 106 23 2 1 0 
1542 1074 642 305 98 19 2 1 0 
1466 1002 588 275 90 18 2 1 0 
1237 791 423 175 55 13 2 1 0 
1329 876 487 209 63 13 2 1 0 
1500 1034 611 286 94 19 2 1 0 
1540 1072 641 304 98 19 2 1 0 
1374 917 521 233 71 14 2 1 0 
1657 1187 744 387 155 45 7 1 0 
1339 883 492 212 64 13 2 1 0 
1627 1157 717 367 138 37 4 1 0 
1596 1126 688 346 124 31 3 1 0 
1475 1010 594 278 90 18 2 1 0 
1638 1168 728 375 144 39 5 1 0 
1421 961 555 255 81 15 2 1 0 
1415 955 550 253 80 15 2 1 0 
1583 1113 677 337 118 29 3 1 0 
1358 902 509 225 70 14 2 1 0 
1628 1158 718 367 138 37 4 1 0 
1587 1117 681 340 120 29 3 1 0 
1323 870 484 208 63 13 2 1 0 
1637 1167 727 374 143 39 5 1 0 
1567 1098 665 327 114 27 2 1 0 
1541 1073 642 305 98 19 2 1 0 
1497 1031 609 286 94 19 2 1 0 
1335 880 490 211 64 13 2 1 0 
1513 1045 618 291 94 19 2 1 0 
1479 1014 598 281 92 18 2 1 0 
1464 1000 587 274 90 18 2 1 0 
1610 1140 701 355 128 32 3 1 0 
1451 988 575 268 88 18 2 1 0 
1292 842 459 191 57 13 2 1 0 
1396 937 537 243 74 14 2 1 0 
1347 891 500 219 67 13 2 1 0 
1414 954 550 253 80 15 2 1 0 
1503 1037 613 287 94 19 2 1 0 
1321 868 483 207 62 13 2 1 0 
1379 922 524 234 71 14 2 1 0 
1351 895 504 223 69 13 2 1 0 
1437 974 564 261 84 15 2 1 0 
1507 1039 614 288 94 19 2 1 0 
1562 1093 660 322 109 25 2 1 0 
1430 968 559 258 83 15 2 1 0 
1258 808 437 183 56 13 2 1 0 
1502 1036 612 286 94 19 2 1 0 
1483 1018 601 283 93 18 2 1 0 
1642 1172 732 379 148 41 6 1 0 
1605 1135 696 350 125 31 3 1 0 
1534 1066 636 302 97 19 2 1 0 
1259 809 437 183 56 13 2 1 0 
1512 1044 618 291 94 19 2 1 0 
1417 957 551 253 80 15 2 1 0 
1302 851 466 196 60 13 2 1 0 
1391 932 532 240 72 14 2 1 0 
1429 968 559 258 83 15 2 1 0 
1602 1132 694 348 124 31 3 1 0 
1607 1137 698 352 126 31 3 1 0 
1224 779 415 172 55 13 2 1 0 
1333 879 490 211 64 13 2 1 0 
1343 887 496 215 65 13 2 1 0 
1592 1122 685 344 123 31 3 1 0 
1448 985 573 268 88 18 2 1 0 
1221 777 413 171 55 13 2 1 0 
1462 998 585 274 90 18 2 1 0 
1558 1089 656 318 106 23 2 1 0 
1312 859 474 202 61 13 2 1 0 
1662 1192 749 390 157 46 7 1 0 
1407 947 545 249 76 14 2 1 0 
1273 823 446 186 57 13 2 1 0 
1357 901 508 225 70 14 2 1 0 
110 290 11 69 209 468 17 293 164 350 115 322 361 2 446 281 400 375 153 116 143 329 420 133 363 192 27 275 104 213 352 427 273 288 396 114 341 413 201 280 66 227 406 79 259 176 106 0 328 270 449 165 163 43 391 202 49 105 149 318 387 389 141 408 428 354 8 33 421 385 25 311 196 31 82 434 423 358 255 287 23 122 345 19 126 44 120 131 332 448 238 264 454 218 157 436 225 437 443 179 265 232 180 331 339 251 395 338 223 113 92 48 61 127 190 67 263 439 355 243 392 159 74 337 151 458 200 334 419 309 301 125 407 204 187 50 368 283 244 170 118 457 181 154 401 12 99 236 240 147 233 172 266 32 210 161 156 178 221 78 85 135 145 356 397 450 276 41 414 14 22 29 34 418 250 36 320 268 195 382 441 235 346 242 217 335 121 94 278 272 207 463 150 432 410 208 70 84 186 6 224 9 60 175 430 128 129 465 459 289 261 26 461 279 245 138 403 45 359 327 393 373 304 83 160 198 103 367 76 73 167 291 215 219 119 456 197 184 222 174 451 214 112 464 262 47 347 111 148 308 340 100 130 323 312 292 35 306 58 353 452 91 319 330 271 7 134 315 253 374 384 95 370 13 183 136 313 307 239 258 405 56 228 455 317 257 102 117 68 234 51 107 349 348 416 88 89 366 109 189 333 3 394 267 269 246 152 173 438 24 15 390 284 360 371 81 65 299 132 98 303 139 453 402 20 54 314 260 285 381 357 248 362 62 203 411 444 388 10 342 229 71 369 378 38 77 415 466 404 90 101 169 435 296 282 63 52 40 231 302 18 383 194 351 254 431 199 80 300 140 324 286 188 386 344 166 4 226 316 158 447 86 398 108 230 310 93 171 380 249 433 16 379 277 21 372 252 424 144 377 59 46 55 429 298 321 399 305 237 442 97 220 445 326 37 336 343 412 409 460 57 168 295 247 211 425 256 96 53 469 162 417 294 177 212 30 5 193 274 124 87 64 185 155 422 191 75 325 1 182 28 364 42 39 376 467 426 205 365 137 297 462 241 123 206 440 216 146 142 72 
CHST 0.008590 13.828125
