30 4800
0 30005
1 30005
2 30005
3 30005
4 30005
5 30005
6 30005
7 30005
8 30005
9 30005
10 30005
11 30005
12 30005
13 30005
14 30005
15 30005
16 30005
17 30005
18 30005
19 30005
20 30005
21 30005
22 30005
23 30005
24 30005
25 30005
26 30005
27 30005
28 30005
29 30005
150 151 800
152 153 150
152 153 150
154 155 200
156 157 100
158 159 150
160 161 150
162 163 7474
164 165 1000
166 167 250
168 169 600
170 171 200
172 173 150
174 175 200
176 177 675
178 179 500
180 181 500
182 183 11900
184 185 19500
186 187 1900
188 189 550
190 191 50
152 192 100
193 194 300
195 196 700
195 197 200
198 199 2900
160 200 150
201 202 900
201 202 900
203 204 250
205 206 154
150 207 1400
208 209 650
210 211 150
212 213 450
176 214 525
215 216 20800
215 216 20800
215 216 20800
217 218 175
172 219 75
193 220 250
221 199 5600
221 199 5600
222 223 1600
224 225 1800
226 227 200
228 229 200
230 231 250
174 232 5250
170 233 250
174 234 2600
174 234 2600
217 235 200
215 236 20450
193 200 300
237 238 750
237 238 750
239 240 1200
170 241 150
196 242 1100
243 244 300
245 246 250
245 246 250
193 247 350
248 249 1300
166 250 300
243 251 750
212 197 450
252 253 300
164 254 4475
255 256 950
257 258 547
174 259 900
166 260 200
261 262 100
217 263 375
264 265 50
264 265 50
266 267 1525
212 268 450
269 270 400
271 272 850
273 274 317
226 275 300
226 275 300
276 277 625
276 277 625
276 277 625
276 277 625
276 277 625
276 277 625
276 277 625
276 277 625
193 278 250
279 280 183
174 236 3500
174 236 3500
281 282 2200
281 282 2200
283 284 750
237 285 950
286 287 1500
193 288 300
176 289 1650
166 290 250
291 292 200
293 294 3100
279 295 650
296 297 825
188 298 4000
243 299 400
243 299 400
300 301 13900
205 302 1450
174 303 317
304 305 800
198 306 9750
307 308 7500
309 310 5500
150 311 1400
312 313 600
314 315 214
316 317 5900
174 318 575
174 318 575
276 319 1580
320 321 147
322 323 550
168 324 150
325 326 250
210 327 100
210 327 100
279 328 840
150 329 800
150 330 800
331 195 14100
331 195 14100
332 333 188
166 334 200
335 192 350
174 336 2600
164 337 250
255 338 2150
152 339 225
230 321 350
340 341 1150
340 341 1150
342 343 150
335 344 300
345 346 550
347 348 5100
194 349 300
194 349 300
164 350 1050
273 351 620
352 353 150
354 355 1200
193 356 283
293 357 750
156 358 150
224 359 1700
166 360 200
174 361 500
174 361 500
170 362 300
166 363 250
166 363 250
364 365 1300
174 366 2600
367 189 750
368 369 200
370 371 650
370 371 650
372 373 60
374 375 500
205 376 110
205 376 110
256 377 1517
256 378 5350
379 380 373
217 381 150
382 383 475
166 384 200
166 385 200
237 386 600
237 386 600
166 387 950
364 388 850
222 389 600
237 386 650
237 386 650
237 386 650
390 391 1250
245 392 400
245 393 450
316 394 1400
193 204 350
286 395 1500
396 397 250
228 398 100
193 399 300
164 400 1200
401 402 1050
403 362 8600
156 404 150
166 405 250
382 227 950
335 406 200
407 408 310
409 410 2500
409 410 2500
411 412 150
413 414 200
193 415 225
172 416 150
379 417 373
418 419 1417
374 420 250
217 421 175
166 422 200
166 423 200
248 424 450
425 426 550
427 428 300
245 194 150
245 194 150
347 423 200
160 429 150
160 429 150
194 430 226
243 407 900
222 431 500
411 432 50
269 433 200
193 434 225
217 435 200
176 436 2300
205 276 950
154 437 200
154 437 200
154 437 200
154 437 200
154 437 200
320 438 1167
164 439 250
166 440 250
411 441 50
269 442 700
208 443 217
193 444 300
445 429 550
337 446 250
198 388 9750
166 447 250
448 449 250
243 450 400
221 451 400
221 451 400
221 451 400
221 451 400
166 452 200
166 453 250
166 453 250
166 453 250
245 454 150
245 454 150
174 455 3500
383 456 350
307 264 500
205 457 700
458 459 1000
237 460 3000
162 461 5050
170 362 300
170 362 300
170 362 300
174 462 1867
168 463 550
190 237 433
156 464 150
465 466 7050
168 451 200
166 467 350
208 468 217
469 383 350
198 470 9750
243 471 800
279 352 150
472 473 400
383 474 500
228 475 100
193 476 300
477 478 500
477 478 500
479 480 600
479 480 600
193 481 225
166 482 250
483 484 2150
174 485 575
217 486 150
217 486 150
166 487 250
166 440 200
166 440 200
172 488 150
172 488 150
489 490 1050
491 492 100
164 493 1600
370 494 1850
226 495 213
370 257 1850
370 257 1850
496 497 200
172 364 150
498 499 700
203 500 450
409 501 1836
502 254 2650
503 504 330
276 505 1700
506 507 500
174 508 2600
193 509 300
193 510 250
174 511 2600
237 512 2200
164 513 2850
273 514 300
300 515 400
164 516 1050
517 518 150
164 519 1400
520 521 700
193 522 350
249 523 250
228 524 200
525 526 2400
172 527 150
299 528 500
415 343 300
529 530 200
164 531 2400
245 252 350
156 532 100
279 533 200
217 534 150
535 536 350
535 536 350
375 537 217
208 538 275
172 539 100
540 541 700
542 543 2069
217 544 150
545 361 1400
180 546 800
180 546 800
180 546 800
472 547 450
190 548 433
549 550 900
166 422 350
551 552 200
152 409 150
152 409 150
445 553 213
245 554 450
174 555 500
203 556 800
465 557 7050
503 558 100
166 559 200
166 560 250
561 562 15300
222 563 500
222 563 500
226 564 150
176 343 838
565 446 1200
170 566 200
483 567 3000
245 568 150
256 569 680
283 570 10300
571 572 1400
174 573 2600
174 573 2600
174 574 317
162 575 250
252 576 300
465 577 6800
578 287 3000
160 286 150
160 286 150
579 580 200
448 581 150
448 581 150
174 429 598
582 583 1000
172 584 150
172 584 150
172 584 150
172 584 150
585 586 11350
517 587 1100
588 589 600
588 589 600
226 590 300
174 271 2600
591 592 400
591 592 400
465 232 6800
469 593 1400
166 583 250
166 583 250
168 594 600
174 595 598
596 597 150
304 598 500
411 599 50
600 601 400
174 602 2700
208 603 275
164 604 150
228 579 200
228 579 200
605 334 5000
286 606 305
168 607 350
166 608 200
609 610 1500
609 610 1500
332 611 300
195 612 700
174 613 2600
216 614 350
249 615 400
616 423 600
237 359 4000
237 359 4000
237 359 4000
237 359 4000
237 359 4000
237 359 4000
309 617 3450
579 256 150
166 589 200
230 618 100
166 468 200
256 619 1700
190 535 50
166 620 200
166 620 200
160 621 150
166 622 250
166 622 250
623 624 150
170 177 150
182 625 6500
193 311 300
245 626 450
375 627 2350
243 330 800
628 286 450
628 286 450
491 629 217
630 441 100
630 441 100
630 441 100
631 632 435
631 632 435
331 633 4950
174 163 3100
340 634 150
340 634 150
166 635 250
152 426 150
166 636 250
637 213 200
152 638 225
335 639 50
549 547 600
549 547 600
640 641 300
642 643 529
217 644 600
645 646 250
193 647 300
465 648 7050
226 649 200
650 651 350
279 241 240
170 652 150
193 216 300
193 653 350
286 654 150
655 656 3250
347 657 900
658 213 400
286 659 1500
276 660 6038
164 661 1050
662 663 525
662 663 525
472 664 700
472 664 700
472 664 700
166 665 250
182 426 9500
666 667 30000
174 668 2600
174 668 2600
383 669 1000
670 671 550
672 673 100
674 675 1000
237 345 650
237 345 650
245 676 250
426 677 300
222 678 250
382 197 1150
679 680 1250
681 682 600
683 684 900
347 685 167
166 686 250
687 412 700
166 262 400
198 688 2900
483 535 475
689 690 850
679 655 800
691 692 248
693 694 300
237 457 4000
695 696 150
193 697 300
228 698 75
249 699 150
249 699 150
249 699 150
700 650 1600
193 701 225
702 703 500
166 260 300
189 704 3150
159 328 700
160 705 150
190 706 50
190 706 50
347 674 200
168 707 600
616 708 750
700 709 550
374 285 550
340 710 1550
190 236 50
174 711 9900
237 712 950
245 328 400
193 602 350
172 713 150
714 715 2500
237 716 2125
217 717 150
174 718 2600
208 273 50
425 157 600
174 719 2600
352 474 100
352 474 100
243 720 700
681 721 700
681 721 700
681 721 700
174 722 1600
269 723 700
269 723 700
623 227 50
345 345 1300
345 345 1300
600 724 525
256 725 200
276 726 1150
226 727 200
166 548 200
162 728 1400
162 728 1400
166 729 200
160 730 150
411 731 50
210 732 100
210 732 100
166 733 250
172 187 150
172 187 150
156 278 100
152 251 225
375 734 2425
194 735 125
194 735 125
208 736 275
208 381 150
316 441 12800
435 737 300
435 737 300
435 737 300
331 738 11600
591 595 2750
739 740 4700
741 742 150
174 743 2600
174 744 2600
425 745 450
491 746 333
309 747 650
585 748 150
217 364 200
164 749 1800
750 751 2600
320 359 625
166 752 250
166 752 250
166 752 250
208 753 100
208 753 100
201 754 900
269 431 350
755 328 1200
609 756 11500
159 757 700
503 758 200
237 759 2200
503 504 300
760 344 20800
156 368 150
170 761 450
203 762 336
279 763 500
283 597 4150
588 639 550
448 376 150
164 764 1000
168 765 350
164 766 1200
316 460 1400
316 460 1400
256 767 200
256 768 630
769 770 300
255 771 950
591 772 2750
773 774 2500
340 166 1100
775 776 200
777 619 1650
472 778 250
182 497 150
279 779 500
780 577 350
205 781 190
588 782 145
174 342 2600
160 783 150
222 784 850
174 785 500
176 786 200
689 787 900
166 159 300
217 788 500
789 790 400
174 791 400
293 792 2000
160 597 200
465 793 9150
210 794 50
162 795 4083
382 796 300
245 797 450
693 798 1100
256 663 588
166 799 200
166 800 100
162 801 1323
269 345 400
166 802 200
375 636 200
172 516 150
174 803 250
207 804 950
193 605 250
217 805 190
382 276 153
382 276 153
806 741 9500
588 807 500
193 808 183
170 809 200
491 288 200
425 810 350
176 811 650
551 812 850
174 200 3500
162 813 7474
655 814 3400
755 815 7600
215 816 7300
166 817 250
337 518 50
156 171 150
217 818 200
386 819 12900
164 743 4475
245 820 150
249 821 6025
409 343 900
409 343 900
196 646 1217
286 822 1500
596 823 316
383 824 1000
825 826 425
208 827 75
409 828 1535
160 389 150
150 829 800
174 830 550
160 831 150
542 832 2069
302 833 60
607 834 2150
174 835 1600
166 836 200
166 836 200
425 837 250
248 635 450
150 838 800
150 838 800
150 838 800
616 839 750
164 840 1000
164 841 1050
689 842 850
217 843 250
166 844 400
193 428 350
166 845 350
312 846 600
176 847 2200
687 848 130
347 697 333
166 849 250
194 355 400
178 850 440
208 851 125
207 852 400
279 853 650
374 468 1000
174 854 1700
264 855 100
264 855 100
264 855 100
600 430 200
856 857 750
591 457 2750
585 858 1875
166 787 250
264 859 99
477 860 600
477 860 600
650 861 300
650 861 300
164 862 2050
773 863 3500
217 864 1400
307 865 450
312 866 296
867 285 400
867 285 400
596 222 166
868 869 13750
174 430 2600
201 870 10150
164 871 1050
194 872 300
194 872 300
375 401 2250
249 873 650
874 875 3800
156 824 150
307 876 750
210 877 175
637 878 200
549 879 900
217 725 175
217 725 175
264 440 75
880 712 150
472 717 625
166 881 250
245 882 400
883 550 1775
409 884 1535
222 885 1800
255 886 1800
190 887 50
166 888 250
170 889 50
256 890 1900
891 892 1533
300 893 4100
164 894 1000
160 895 150
245 896 150
702 897 600
425 486 150
898 899 397
264 900 100
245 615 150
542 901 2584
332 902 188
435 561 2400
415 156 458
415 156 458
415 156 458
415 156 458
415 156 458
415 156 458
903 904 438
582 905 200
217 906 250
174 862 800
655 907 3250
217 908 250
909 910 1500
911 912 450
166 913 250
914 834 200
243 658 450
915 655 650
279 916 150
170 531 150
591 917 575
918 192 100
309 606 550
352 919 400
469 528 500
469 528 500
164 920 1050
160 921 150
166 922 150
166 922 150
193 923 300
679 924 1250
550 925 325
245 926 450
166 927 200
390 928 1250
150 650 800
367 929 750
174 154 2600
174 154 2600
193 930 250
195 357 600
168 931 200
932 933 725
166 934 250
166 934 250
276 935 1938
153 936 200
937 938 1100
939 940 1200
616 527 600
174 941 2600
517 482 350
498 942 300
198 943 9750
156 944 200
252 945 300
245 946 450
585 869 17900
168 947 200
168 947 200
198 948 9750
198 948 9750
545 949 1400
264 221 200
620 166 600
620 166 600
277 950 120
256 951 127
256 951 127
256 951 127
952 953 161
269 954 690
269 954 690
264 955 100
756 926 300
256 233 300
237 956 1400
237 956 1400
193 957 350
217 170 200
166 958 250
166 861 200
190 959 100
469 960 700
276 961 2584
363 691 220
458 962 1000
207 829 250
600 963 800
964 681 2000
174 965 400
174 965 400
520 471 350
489 966 250
166 967 350
347 462 167
237 968 2550
255 969 950
166 879 250
271 970 250
166 971 200
347 972 8150
256 973 1000
166 486 250
176 602 1150
286 974 1500
249 233 250
249 233 250
249 233 250
856 975 2750
856 976 1175
166 977 250
166 978 250
382 979 450
269 980 850
760 615 2350
162 981 3875
347 982 350
347 982 350
347 982 350
347 982 350
983 984 800
166 985 250
425 986 550
645 337 350
645 337 350
168 316 200
166 194 250
472 987 650
988 989 400
491 990 200
314 991 214
992 993 3150
193 994 300
742 995 1050
166 962 200
205 996 300
316 997 1000
256 998 1279
999 428 250
174 1000 1867
347 1001 200
1002 1003 150
340 586 200
245 1004 450
193 714 100
706 1005 2200
226 386 250
170 1006 217
170 1006 217
170 1006 217
170 1006 217
403 335 8600
1007 1008 200
193 1009 300
264 1010 75
264 1010 75
307 240 200
307 240 200
286 1011 1500
153 1012 200
226 1013 200
198 287 3300
1014 1015 400
1016 1017 5450
245 834 100
256 1018 600
400 1019 200
337 1020 275
337 1020 275
166 1021 300
217 748 175
217 748 175
162 1022 4025
166 1023 450
1024 1025 250
208 1026 225
166 1027 250
279 178 600
491 213 125
655 781 50
307 612 750
193 1028 150
174 1029 1867
585 1030 2550
347 974 200
598 1031 2775
307 341 22800
307 341 22800
616 607 600
190 1032 50
445 1033 300
1034 935 300
551 361 3270
1035 336 250
693 1036 400
166 1037 250
174 310 2600
342 1038 100
1039 1040 1550
160 862 200
190 1041 50
549 1042 850
750 934 7600
164 1043 1500
477 464 700
472 1044 550
166 1045 400
1046 1047 4259
304 349 1000
549 1048 950
435 321 225
237 1049 750
193 163 225
591 385 517
683 221 1100
683 221 1100
1050 735 200
1050 735 200
193 1051 300
150 876 400
264 946 100
237 311 1650
237 311 1650
243 460 550
243 460 550
217 1052 175
168 963 100
166 734 350
237 892 650
237 892 650
237 892 650
413 1053 100
1054 795 2600
279 1055 575
316 984 2010
316 984 2010
868 842 9350
403 774 5900
347 260 1177
605 696 5000
217 826 200
174 1056 2600
540 1003 20850
540 1003 20850
242 1057 500
600 531 950
217 1058 150
1059 1060 300
293 524 600
226 1061 300
237 1062 850
166 1063 300
237 407 10050
174 1064 3500
156 251 150
687 1065 500
193 481 300
166 1066 250
152 1067 150
166 1068 300
465 386 4900
166 1069 350
174 1070 2600
193 784 350
184 837 9000
425 315 550
215 371 7300
237 1071 6500
164 1072 1200
255 430 950
300 1073 400
208 1074 100
1075 1076 3900
1075 1076 3900
1075 1076 3900
1075 1076 3900
193 460 350
226 293 200
217 1077 150
1002 1078 400
1002 1078 400
600 1079 350
184 1080 4233
184 1080 4233
205 544 125
164 1081 1600
164 1082 4475
217 1083 175
226 414 213
237 1084 700
307 428 500
174 1085 1800
1086 1087 1100
176 1088 400
309 1089 2000
309 1089 2000
193 1090 350
166 1091 250
180 1092 1350
230 932 225
222 749 3000
216 1093 325
1094 192 500
230 1095 100
166 1096 200
309 1097 500
164 1098 1200
222 524 500
166 655 250
162 772 12100
1099 1100 225
190 1101 50
168 1102 800
226 897 213
172 1103 264
248 1104 500
600 1105 800
217 1106 150
166 441 150
166 1107 250
166 1107 250
166 1107 250
190 1108 50
150 1109 400
279 716 650
347 1110 275
690 1111 6300
370 1112 350
370 1112 350
670 716 550
166 722 250
193 677 275
172 1113 150
172 1113 150
172 1113 150
172 1113 150
172 1113 150
172 1113 150
170 1114 250
217 1115 200
237 1116 4000
550 719 850
174 642 550
174 642 550
180 1117 900
345 1118 5250
166 556 350
565 189 380
1119 1120 200
1119 1120 200
1119 1120 200
1119 1120 200
1119 1120 200
160 1121 150
160 1121 150
160 1121 150
1122 1123 100
1078 1124 325
460 1125 450
193 646 300
166 1126 250
166 497 200
174 1127 850
520 342 700
174 1128 500
176 1129 517
176 1129 517
166 1130 300
325 1131 300
166 1132 250
156 1016 150
514 1133 340
166 1134 250
248 459 1900
217 1135 300
1136 1137 6400
937 1138 5400
166 1139 200
425 667 490
489 1140 100
325 956 250
332 625 150
170 1141 313
256 1142 620
741 571 105
150 1143 800
150 1143 800
150 1143 800
517 484 317
517 484 317
166 1144 300
166 1144 300
307 1145 8350
992 1146 350
208 1147 100
164 1148 2200
237 1149 1000
237 1149 1000
166 926 250
237 342 4000
1150 1151 2000
174 648 2600
210 208 150
174 343 2600
174 772 1867
174 862 800
193 1152 300
226 1153 200
217 1154 300
382 293 255
1155 1156 400
172 811 150
172 811 150
190 157 50
992 1157 350
503 579 275
517 505 850
445 892 200
166 547 350
307 1158 500
174 1159 2600
174 1159 2600
174 1159 2600
347 452 345
419 755 6800
174 376 317
591 1160 575
335 1161 500
150 1162 550
217 867 250
307 387 5650
307 387 5650
415 524 300
176 249 2000
176 249 2000
335 1163 300
276 1164 1700
276 474 1200
276 474 1200
697 1165 150
1166 384 350
264 1167 100
279 873 500
514 397 340
1168 1169 1683
237 585 650
237 585 650
237 585 650
427 1170 200
170 1171 150
403 1172 5300
591 1173 150
1086 1174 100
226 745 200
279 1175 600
756 1176 300
286 1177 1500
279 1178 600
243 1179 400
217 241 150
271 1180 300
477 1181 300
347 438 200
193 1182 300
190 1183 50
217 1184 175
217 758 200
166 1185 250
174 1186 2600
312 1187 500
203 1188 250
166 1189 350
276 935 3783
264 355 117
164 1190 1050
1191 1192 100
711 1193 1675
737 1194 1200
182 1195 250
182 1195 250
491 1196 200
166 518 200
166 518 200
174 1197 3500
174 397 2600
174 397 2600
491 1198 150
411 1199 700
256 1200 150
401 733 1150
172 320 264
172 320 264
342 1201 300
198 470 3300
207 358 500
1202 343 1050
668 853 350
668 853 350
415 598 500
174 1203 1600
174 343 2600
174 343 2600
217 207 150
243 213 500
217 1204 150
591 1205 150
1050 1206 100
491 1207 200
205 240 200
205 240 200
588 830 525
193 241 350
637 1208 350
426 1209 1600
426 1209 1600
426 1209 1600
477 1210 500
1211 1212 1110
217 1073 200
166 1213 250
170 1214 150
1215 1216 600
164 912 2400
903 293 463
174 1217 3500
655 1218 2100
992 514 5550
174 658 900
332 1219 150
279 584 650
561 1220 6350
166 1221 200
1078 1222 665
208 1223 163
375 1224 2050
370 1225 1850
382 1226 400
164 1227 1500
760 426 10100
591 725 2850
616 570 350
166 1228 200
352 1229 100
193 1230 300
168 1231 350
1078 1232 1750
176 497 838
174 1103 2600
1233 899 15750
164 1234 1050
693 882 800
164 1235 1200
237 1073 3800
382 1236 100
166 514 250
176 1237 400
217 1238 300
271 1014 250
156 345 300
162 1239 3975
469 861 600
207 474 950
156 1240 200
170 892 250
550 724 800
342 1241 300
174 1242 800
347 731 613
256 1243 275
226 184 200
276 1244 5833
193 892 220
264 965 75
172 1245 150
245 1246 150
404 1247 1400
404 1247 1400
160 1248 418
166 1043 300
588 1249 500
193 1046 300
168 619 200
858 385 1093
585 158 3400
1054 1250 400
190 779 50
335 1187 200
203 1251 250
228 688 75
170 178 430
164 1252 850
164 1252 850
630 1253 750
166 1254 200
162 1255 3305
162 1255 3305
162 1255 3305
162 1255 3305
243 1256 300
203 1257 250
309 366 1500
679 1258 800
616 1259 600
166 1260 200
320 157 147
1233 1261 15750
293 1262 750
201 228 900
150 1263 800
255 155 850
248 1264 600
166 1265 300
166 282 250
1002 1266 200
166 1267 400
817 1268 4500
168 831 1200
472 1269 300
472 1269 300
166 1270 250
166 1271 250
166 696 250
472 725 350
176 784 1250
226 1272 76
1273 854 150
312 1274 633
176 1275 1150
217 776 200
1035 614 250
1035 614 250
332 639 100
666 1276 1400
666 1276 1400
939 547 250
939 547 250
445 762 500
248 1277 1000
409 1240 1200
237 1278 1650
174 230 750
208 980 200
588 1279 145
150 1052 800
174 1280 2600
245 1054 100
426 1281 350
166 1282 250
249 1283 150
540 1174 350
540 1174 350
540 1174 350
243 1284 800
465 1285 7050
551 362 150
337 1286 275
337 1286 275
464 570 1700
1287 1288 750
150 1289 400
711 1290 150
170 1291 400
817 906 4400
248 1292 1600
166 478 200
637 1293 350
170 1294 300
170 1295 150
245 1296 350
170 504 150
166 428 250
243 750 7300
469 978 350
340 342 850
168 860 417
1168 737 500
174 1297 3100
390 159 850
174 1298 3500
160 1299 150
404 929 800
320 972 389
600 1300 800
276 1301 625
174 328 650
276 1302 1850
276 1302 1850
222 1303 550
316 151 2000
224 1304 1700
217 879 150
1290 1305 600
312 601 538
176 653 675
477 1306 200
150 1307 800
226 1308 200
226 1308 200
166 629 200
166 1309 250
228 1310 200
245 1311 150
226 1312 200
448 1087 200
856 232 2750
307 1313 500
651 1314 700
858 1315 1093
320 1316 1500
514 1317 340
331 1318 11600
166 1106 250
166 1106 250
1076 1319 375
307 1236 500
176 1320 850
176 1320 850
286 245 1500
217 725 100
293 410 750
166 928 200
193 1321 350
210 1322 50
176 1323 2000
320 1213 2850
166 385 200
193 1324 350
312 1325 296
411 273 650
382 241 5950
228 1014 150
1290 1165 400
166 1326 250
174 1327 3500
210 1328 50
609 1329 400
609 1329 400
304 1330 300
174 1331 575
1332 1328 200
1332 1328 200
404 1091 7500
152 359 225
176 1333 1433
856 1334 1175
565 1335 6575
430 881 200
264 1025 100
205 692 300
217 1336 175
152 987 150
400 584 350
375 1309 2425
166 1337 250
483 696 353
312 1338 633
162 1339 1650
166 195 250
166 1340 200
465 1341 6800
332 1342 150
222 1285 500
279 1343 200
279 1343 200
184 1344 750
465 1345 18800
166 1209 300
166 655 200
370 1346 8050
375 993 18050
166 882 250
1347 1348 400
1347 1348 400
588 685 400
375 337 2350
425 1349 600
156 1350 150
193 665 300
208 383 175
331 331 8150
1351 963 2200
208 937 350
237 1102 1400
237 1102 1400
237 1102 1400
1202 768 750
655 1112 2100
332 1352 150
245 1353 450
222 978 500
276 1349 2584
276 1349 2584
1211 168 1110
588 311 500
172 1354 150
172 1354 150
883 334 350
331 656 4650
162 1355 200
1356 1357 8350
445 1358 250
1359 1360 2300
585 1284 473
1003 1361 600
174 583 1867
166 1362 150
477 1363 200
212 419 450
243 1364 450
243 1364 450
150 484 800
491 586 150
483 1365 2150
600 1366 800
193 926 300
512 1367 300
264 974 75
255 422 950
383 1368 1300
681 576 400
425 720 550
425 720 550
425 720 550
164 1369 1200
582 1370 200
1315 610 600
174 1371 2600
400 1372 250
279 1014 400
168 506 600
172 978 150
308 1373 10400
166 1014 250
186 1374 1050
237 1375 1400
427 1252 150
174 190 6850
588 361 200
237 1376 850
237 1376 850
237 1376 850
396 1223 600
396 1223 600
856 1032 750
252 576 300
469 1357 1735
768 990 900
642 1377 1875
642 1377 1875
172 1184 450
1378 661 300
345 1379 900
345 1379 900
345 1379 900
345 1379 900
345 1379 900
345 1379 900
193 1380 300
166 1381 200
190 1382 50
876 885 12200
332 1383 100
174 724 1867
172 947 150
174 1384 2600
174 1161 9900
217 1275 300
1385 1386 3070
1233 1046 3800
166 165 200
1086 1102 250
1387 1388 1400
300 1389 700
190 1390 50
172 308 100
166 1391 250
168 1073 150
166 1392 200
174 1393 1867
166 1394 250
174 1395 2600
1065 1220 125
217 1396 100
256 1301 540
472 1058 800
472 1058 800
1397 1398 1500
331 1399 11600
293 446 750
256 378 5350
681 1400 500
255 899 3680
426 1189 1550
226 610 200
817 553 4500
205 1401 800
331 1402 14100
364 1403 2550
217 1404 200
208 1405 150
174 1406 400
174 1406 400
637 1407 300
237 1408 8500
243 1409 650
174 727 2600
174 727 2600
166 1410 200
545 1017 800
264 343 100
578 402 133
1411 1294 1850
1411 1294 1850
190 912 50
237 285 950
404 1412 2555
404 1412 2555
279 259 600
750 1068 1600
1413 1414 150
867 1415 400
174 1416 2600
174 1416 2600
162 1417 200
162 1417 200
174 253 2500
312 1418 538
178 1360 468
1191 1419 2200
693 421 650
193 1420 225
226 387 250
170 504 300
150 1003 800
226 1421 200
245 1285 150
364 795 950
174 1422 1867
164 1423 1050
517 1424 300
491 1425 99
243 798 310
400 1426 1000
347 462 2100
390 811 1250
217 1427 200
166 1267 250
390 729 850
193 837 350
152 1428 100
166 1212 250
255 1429 1300
425 760 550
347 1430 400
276 242 2584
425 334 236
256 1431 127
176 245 3900
208 763 150
166 460 400
416 569 2000
347 1432 400
1433 1073 350
491 1155 150
174 865 800
491 1434 150
425 339 490
166 929 200
166 929 200
168 289 275
585 1435 8525
1436 1234 14650
164 1414 1050
679 331 1250
1035 1433 250
243 605 517
924 1437 667
382 241 450
174 405 2600
347 1438 200
609 1439 5675
370 1440 3850
264 723 100
174 1441 2600
174 1441 2600
166 1442 250
491 204 125
491 204 125
1443 1444 550
347 1110 100
347 1110 100
491 1127 100
248 1445 1300
472 807 568
249 311 200
174 1214 500
370 1446 1850
174 1447 11600
316 447 3200
332 812 100
203 267 800
551 1448 450
551 1448 450
655 471 700
655 471 700
217 577 150
255 414 1800
293 792 600
520 1189 700
164 1449 1400
230 1450 300
160 1451 150
269 1452 300
293 1173 750
203 1385 150
203 1385 150
742 426 650
210 308 50
304 448 2100
304 448 2100
269 1453 300
164 172 1600
331 806 11600
1155 1454 350
217 1063 150
375 502 2425
370 1455 4775
630 749 367
245 1456 250
166 1152 350
382 1349 1200
174 580 1600
320 1457 284
320 1457 284
320 1457 284
193 1458 350
162 1459 1400
1136 1036 710
1003 1460 250
316 299 10100
345 634 700
172 1297 100
256 1461 650
226 1462 200
403 1463 10825
276 772 1850
276 772 1850
166 730 200
245 1464 250
256 1465 620
156 1075 150
491 1106 150
166 430 300
193 1466 300
166 1467 300
217 1200 150
312 748 250
911 1468 185
166 190 200
156 1469 200
172 1470 150
400 946 1000
347 1336 200
174 1471 2600
222 433 1800
190 785 50
243 1472 650
609 549 17050
168 1473 400
166 1053 200
858 1474 1093
483 743 650
1299 1475 1000
174 917 2600
166 546 250
176 1476 838
166 1477 250
472 1268 550
352 385 150
579 1478 150
174 792 2600
174 792 2600
166 1479 400
166 1212 250
208 1480 75
300 1481 1400
300 1481 1400
300 1481 1400
503 570 200
503 570 200
307 1088 900
237 1482 1400
166 608 250
164 514 1500
208 1278 150
176 1483 1100
517 1484 150
591 1485 150
1486 772 150
1486 772 150
174 1056 900
691 1487 248
162 1488 1400
205 1489 700
271 438 150
525 1490 550
655 1491 2100
164 1492 1600
491 951 150
345 583 900
404 875 1400
382 836 400
312 221 633
168 1493 350
257 1494 500
174 1495 2600
174 1495 2600
166 1496 250
174 400 500
237 373 1750
1034 1497 300
256 1498 650
1499 345 400
340 1064 150
256 1500 980
172 634 283
217 1321 150
404 189 949
681 1501 300
166 1502 350
1503 1504 58
193 956 250
217 928 150
900 458 9150
382 764 450
293 874 700
340 1505 150
806 402 7700
286 1506 1500
249 1507 152
448 1508 400
918 209 100
578 594 200
264 1437 100
465 932 650
911 1491 200
276 1509 1850
150 1142 800
1332 1321 200
1332 1321 200
203 1510 203
546 665 1150
276 1511 6038
585 1495 11350
514 523 350
245 672 100
245 1266 200
208 1512 50
166 1022 250
489 1513 250
375 1514 2425
307 1515 800
160 1355 150
160 1355 150
425 1516 600
174 362 3500
174 362 3500
461 883 300
932 1087 9900
164 1517 1000
679 229 800
226 1518 300
588 1519 250
226 1520 250
226 1520 250
166 1521 300
279 1522 426
714 1523 2138
714 1523 2138
841 1524 8600
172 1290 150
172 1290 150
152 950 150
1443 1525 300
1443 1525 300
332 916 150
237 1526 1400
174 1527 317
630 1528 375
755 1529 10975
166 1178 250
642 1530 3300
257 1531 547
237 717 1350
1532 1533 300
230 951 100
230 951 100
1534 495 750
503 1488 250
156 1535 150
217 1536 200
166 1097 250
445 1537 650
176 880 750
1191 1538 2200
600 1539 200
166 382 350
166 382 350
166 840 200
174 1213 2600
337 371 150
337 371 150
276 1540 1580
256 576 950
256 1541 7300
237 1542 2200
314 1543 483
314 1543 483
174 430 2600
164 1544 1050
166 1545 250
668 1546 450
842 205 650
193 371 300
164 1547 1200
1332 493 250
174 1435 2600
477 954 409
190 697 67
166 1548 250
166 1548 250
237 1079 1800
237 1079 1800
237 1079 1800
193 907 300
193 907 300
208 1549 1643
170 540 300
166 1550 200
320 1059 2300
226 189 200
269 1551 950
375 1163 217
252 1185 300
252 1185 300
252 1185 300
411 273 150
429 1513 550
309 1552 700
174 1288 2600
237 1553 3150
1554 1115 600
999 876 5400
164 760 1625
264 1110 140
264 1110 140
264 1110 140
210 850 50
174 1141 750
264 1555 100
168 585 300
174 1556 825
217 1346 150
347 674 900
190 1557 50
642 1558 258
307 157 800
174 1459 3500
174 1459 3500
551 1001 200
347 610 430
347 610 430
164 1559 1600
693 290 500
160 1560 150
166 1305 200
226 1095 200
237 1561 12000
245 1379 450
637 1074 200
172 781 264
174 1562 200
390 1563 18800
382 658 450
159 1512 700
176 1564 750
269 1165 250
160 645 150
517 925 400
264 1255 100
237 1051 1650
237 1051 1650
237 1051 1650
1565 816 550
469 1566 300
264 1567 113
226 1568 250
264 1201 83
609 1108 400
166 1407 250
264 265 50
228 1514 125
174 843 850
307 330 800
198 358 2900
217 1569 175
483 1238 353
193 1279 300
203 1570 250
164 767 1200
375 1571 2350
591 1569 467
279 1321 217
243 1572 400
166 362 150
885 1573 1500
885 1573 1500
156 390 200
158 1574 350
403 1575 5300
205 729 450
245 1075 400
193 1576 175
1577 1054 250
874 508 6600
340 1578 250
842 679 313
170 314 200
602 1579 1300
602 1579 1300
245 415 150
216 653 350
1580 1372 150
176 1463 600
427 1581 1500
404 1582 603
291 807 300
469 807 700
689 1017 1050
245 1583 350
279 401 600
307 172 17600
162 704 1500
375 211 2350
409 1584 541
689 1308 1344
166 1585 350
215 1420 7300
316 1039 1100
194 1586 125
465 1220 8750
201 663 900
1017 1587 50
164 1588 1200
514 1554 185
164 1589 1700
374 1476 2050
374 1476 2050
427 974 525
332 1590 100
264 1538 100
248 670 1400
226 1229 300
293 1591 750
1003 342 800
256 322 1475
156 1592 100
331 980 5575
164 1593 2100
182 1594 1800
375 1061 217
347 502 250
1233 887 25650
279 913 500
952 1595 161
401 1596 300
347 947 350
180 1597 700
585 1212 5675
585 1212 5675
585 1212 5675
345 249 500
337 614 150
170 1598 550
150 1599 800
156 362 150
1443 1600 1000
1385 1295 3070
217 713 350
276 535 1850
342 1453 761
286 232 1500
286 232 1500
208 474 150
600 1601 650
264 1602 50
1603 1604 18550
164 1605 1250
152 397 150
264 1606 100
193 1210 150
226 662 150
506 327 2600
483 788 650
174 1607 1867
777 197 10750
693 1608 1200
670 764 950
300 1609 400
166 1610 250
483 668 2150
1351 336 2200
164 459 4475
885 557 550
256 1611 195
256 1611 195
352 285 90
578 743 1300
245 1108 200
332 656 150
190 1612 100
551 381 5950
425 1613 250
174 1614 5850
164 729 2850
750 641 1000
226 1615 200
347 1320 1400
276 1616 1700
164 1132 2000
429 925 550
429 925 550
279 1617 250
332 1618 100
693 986 1150
276 1619 1850
276 1619 1850
491 1620 200
465 752 9150
273 1621 250
208 1453 150
208 1453 150
551 1622 200
382 1205 100
242 635 500
245 836 350
600 1623 200
383 1624 110
174 1625 2600
174 1625 2600
174 1625 2600
264 457 50
256 1626 2444
174 1113 1867
256 1427 200
256 1427 200
911 299 200
911 299 200
152 1627 150
304 272 800
166 1628 250
150 1629 800
174 1302 700
164 1630 1200
642 1631 888
489 1632 700
472 1633 500
472 1633 500
174 1634 550
600 1635 250
201 1486 2800
201 1486 2800
201 1486 2800
316 1024 20100
316 1024 20100
316 1024 20100
172 1636 264
217 380 150
199 1637 250
237 1027 12000
217 1638 150
1385 725 3070
616 1442 350
248 1482 1400
248 1639 600
174 1640 2250
166 175 250
1641 726 200
768 1611 700
255 1151 2150
293 1642 750
252 440 300
1211 1210 1110
448 273 150
176 1643 2000
1644 1625 583
293 1438 750
243 1645 367
1002 288 500
208 1646 75
193 643 250
340 1647 150
585 1556 10950
347 982 150
200 771 21100
200 771 21100
193 476 300
693 1078 400
245 241 250
352 361 300
340 1547 500
591 776 517
335 869 500
166 1144 250
1290 297 600
918 1648 100
1526 1106 650
1526 1106 650
309 889 600
309 889 600
164 1649 1200
164 1650 700
347 301 250
170 909 300
170 909 300
174 1651 3100
174 1651 3100
273 1652 620
166 1289 200
609 486 9950
226 886 200
1078 1653 1571
193 598 350
166 817 250
166 1654 200
174 1655 1867
383 1656 2450
382 1657 475
217 1182 300
172 1658 150
445 1165 300
320 1659 147
307 199 800
150 1129 800
370 932 1850
655 1660 2100
166 231 150
364 1285 950
222 1661 1700
750 442 1175
256 1662 2475
1332 831 200
491 1189 200
491 1189 200
435 1575 2400
174 1663 217
174 1664 700
607 723 4000
237 1660 5200
1665 778 3150
1290 1666 600
198 1509 3300
1239 272 1400
172 1384 283
1076 624 1800
166 1667 200
409 1668 14950
409 1668 14950
335 154 550
1078 340 325
585 744 8525
411 405 100
162 1669 1450
1168 1670 1717
264 622 310
248 1671 900
248 1671 900
248 1671 900
248 1671 900
248 1671 900
248 1671 900
195 1672 100
237 1673 3800
166 468 350
180 590 400
517 311 300
856 1674 1367
164 1675 1200
307 345 1400
264 793 50
915 256 650
915 256 650
915 256 650
248 694 900
1191 575 750
164 1676 1433
527 1677 300
193 1678 250
1094 1205 800
210 867 150
550 1679 325
489 1529 1050
217 235 200
166 726 150
166 726 150
226 1680 200
217 792 150
193 672 250
166 1653 200
166 1653 200
588 1058 300
174 1258 850
312 735 600
645 467 1000
645 467 1000
645 467 1000
645 467 1000
645 467 1000
645 467 1000
645 467 1000
645 467 1000
645 467 1000
645 467 1000
645 467 1000
645 467 1000
645 467 1000
645 467 1000
645 467 1000
645 467 1000
645 467 1000
645 467 1000
645 467 1000
645 467 1000
645 467 1000
182 1517 300
498 1681 700
210 497 150
166 809 150
150 1106 800
193 431 217
550 1682 800
347 636 1000
588 1683 500
806 778 30000
193 534 700
164 1684 1500
264 1500 100
325 1605 425
158 1626 90
170 504 150
347 1331 100
174 894 1867
237 886 5300
264 527 100
193 1685 350
347 1686 401
409 1556 1836
276 1687 9550
166 1688 250
307 1689 8350
217 1690 175
217 1690 175
386 479 12900
755 1658 7600
347 1683 200
309 1691 500
193 781 350
174 589 1867
1078 1692 228
198 1693 9750
193 580 350
448 1694 200
160 1647 150
217 779 150
237 989 6500
1695 799 200
545 1696 1050
174 1697 1867
911 1418 150
322 1698 550
711 655 200
491 157 124
264 375 100
335 862 400
196 1699 1200
600 1087 200
222 719 1700
342 947 800
193 1700 300
162 651 7850
164 1701 1200
217 1515 150
217 1515 150
217 1702 55
193 935 300
193 1174 350
198 918 2800
591 1703 10800
1290 516 700
152 406 200
217 1087 150
579 376 300
1002 1704 200
1705 1706 250
293 1707 700
1078 477 325
160 1708 150
742 1709 700
193 318 300
347 1710 167
172 623 150
403 441 7600
174 947 2600
174 947 2600
222 1711 500
472 1712 625
150 416 400
193 1659 300
162 1426 5326
162 1426 5326
425 1713 250
377 1714 320
166 1715 250
256 1652 190
755 1716 6200
228 1717 250
162 1718 6038
309 328 850
347 1719 200
166 640 250
198 1720 9750
226 1721 300
190 780 117
693 230 100
867 1722 400
162 655 5210
217 1294 600
172 1290 150
172 1290 150
279 1205 250
585 1723 7875
585 314 1875
585 314 1875
585 314 1875
256 1724 400
174 171 800
364 1725 950
166 401 200
266 267 3000
261 1726 200
347 1671 200
174 1727 2500
1046 1106 270
952 1728 161
760 354 2450
760 354 2450
472 390 900
503 1729 150
217 578 125
472 1730 200
170 504 150
347 460 313
218 328 550
264 1731 150
806 175 15800
409 1714 1836
411 1391 200
276 1732 1700
164 597 300
166 1733 250
162 1456 200
162 1456 200
551 523 325
168 1734 150
588 758 800
276 1735 6900
164 1736 1250
425 1737 300
755 1046 1850
755 1046 1850
164 1738 1500
545 363 1400
237 1546 1650
237 1546 1650
237 1546 1650
237 1546 1650
600 1739 200
249 1021 680
370 1740 550
1741 1028 200
693 223 100
914 1712 100
174 1742 2250
217 875 200
168 1442 450
332 632 100
174 501 2600
520 1743 700
208 709 125
331 879 5575
193 1073 350
193 1744 350
174 394 1500
153 1709 300
362 1473 1800
162 1745 1650
345 1746 700
345 1746 700
345 1746 700
237 193 1400
196 1747 1372
196 1747 1372
156 1223 100
609 1329 9800
217 1748 150
1385 1749 3070
1385 1749 3070
1385 1749 3070
1565 1750 150
198 493 9750
1007 727 800
166 1751 250
160 1752 150
160 1752 150
208 1424 150
1579 461 9800
1579 461 9800
237 1103 2125
164 345 2400
166 1259 250
166 1259 250
166 1566 200
276 1087 1850
276 1087 1850
312 1753 600
347 376 200
172 1754 350
172 1754 350
331 1755 5575
1281 1756 750
1290 1757 350
166 1758 250
588 743 145
170 1472 550
383 521 400
491 836 100
542 1759 1813
193 1683 200
404 690 2555
382 1760 1150
307 1761 7500
193 1762 150
1763 484 13075
491 1764 150
193 1492 220
312 1415 538
1003 402 600
1003 402 600
1003 402 600
1003 402 600
679 1607 550
174 1080 1050
489 949 100
382 1765 450
166 1522 350
409 1223 541
465 195 7300
465 195 7300
264 493 150
237 1194 2550
237 1194 2550
166 921 250
160 1766 150
527 474 250
193 498 300
217 342 150
374 1767 700
276 1768 1700
166 1769 250
517 328 150
425 561 400
648 1770 688
208 1199 200
217 1031 300
205 1771 300
1211 1772 1110
1773 728 50
176 1158 2000
182 1291 1500
1002 467 200
174 674 2600
193 1132 300
160 1575 150
325 612 400
156 1774 150
190 362 50
166 726 250
174 175 350
252 1775 300
174 1331 3500
176 1329 1100
223 1144 100
245 1776 200
695 688 150
279 352 150
174 206 200
164 673 1500
755 778 1000
1119 1777 200
257 1545 200
868 776 22550
168 679 717
174 1597 2600
616 421 350
160 912 150
217 774 175
1534 1778 300
256 259 1575
166 1779 250
205 328 280
174 1545 800
230 1780 300
382 992 1150
245 1781 150
233 1553 5750
755 226 12050
308 1314 9500
237 289 1500
174 1609 200
166 535 250
166 535 250
164 706 4475
256 509 400
193 1593 350
226 1286 200
469 643 300
600 1782 800
164 892 2150
291 1783 200
291 1783 200
291 1783 200
316 1784 24800
542 627 2069
1785 1786 500
582 1629 400
248 1787 700
245 289 1000
325 1309 350
325 1788 125
517 1507 350
517 1507 350
152 1629 1300
193 758 350
354 497 850
256 959 300
375 1789 2050
525 627 1200
900 1790 1450
1791 371 600
472 1792 500
168 607 353
228 1793 600
172 763 150
172 763 150
166 1794 350
527 1795 200
1605 1350 200
304 735 2100
170 1796 500
1123 311 683
193 1797 75
174 1080 3100
403 180 3800
166 1609 250
166 1609 250
166 1609 250
174 1798 500
174 991 2600
174 991 2600
551 1148 200
164 1799 1600
550 475 500
217 1080 300
203 845 150
248 259 700
293 832 750
546 1765 1600
1168 1620 1683
264 249 100
160 1800 200
166 1679 400
166 1679 400
491 912 200
237 568 3450
193 1801 250
166 428 200
166 552 200
269 1771 700
269 1771 700
210 249 50
276 1742 1700
347 1521 215
217 899 200
1802 971 600
316 1595 4100
316 1595 4100
585 1174 10700
585 1174 10700
222 401 500
1016 1423 5450
750 1469 1700
150 713 800
166 806 300
1086 233 5900
164 1803 1450
193 1804 250
308 716 10400
193 758 350
226 1588 150
1054 399 1300
170 555 250
174 1618 500
952 1628 161
331 1634 10500
217 1805 150
352 1606 150
164 259 750
217 770 200
465 788 21750
166 1074 450
448 1000 350
1332 1806 100
571 477 1400
472 1807 435
469 646 417
379 531 255
212 723 1450
465 1808 6150
655 194 2100
166 944 700
193 788 225
193 1809 350
585 1810 100
228 277 200
600 926 750
193 1140 150
275 281 225
226 1811 213
491 221 125
411 1624 350
180 892 900
670 1812 550
217 385 200
1127 1152 1800
1127 1152 1800
266 575 3000
166 399 300
465 1080 6800
166 1813 250
166 1813 250
188 885 370
150 1666 800
245 655 400
273 1814 250
160 1705 150
176 1815 1000
162 1816 850
166 583 250
172 1710 264
243 1746 550
176 1445 1250
335 1817 200
159 530 700
591 935 2750
237 227 2125
245 1106 450
514 1392 340
375 1818 2425
193 1281 350
286 1819 305
579 1820 150
293 584 750
491 1077 200
180 760 1400
180 760 1400
600 1361 700
174 1126 2500
256 1821 588
174 591 2600
174 591 2600
193 174 350
1822 1823 30000
217 1824 150
170 1825 250
331 1826 5575
186 428 1900
186 428 1900
600 1774 300
162 1356 1475
1168 1302 200
642 1032 2600
1411 1356 850
243 1827 650
426 373 350
429 1828 550
195 401 1175
245 1829 150
245 1829 150
217 879 175
404 1158 825
166 1830 350
170 750 100
1378 705 20325
670 1831 1600
150 164 400
248 1832 1900
425 663 490
217 1833 200
276 247 8700
400 355 200
375 1415 200
166 1442 250
166 1442 250
193 521 300
174 545 900
425 1834 350
208 276 263
174 440 2600
286 189 1500
286 189 1500
364 1835 2050
174 394 2600
379 464 200
208 328 225
415 1521 300
237 725 12000
342 1836 150
514 1707 150
279 936 600
237 1834 850
245 787 150
415 386 184
375 1837 18050
425 1838 450
1078 1827 325
217 1839 150
742 267 1050
193 1018 350
264 355 100
264 355 100
331 1840 10450
193 1173 300
1054 1841 1100
755 521 7225
190 947 83
168 241 1200
166 494 350
491 1256 125
160 422 150
160 422 150
390 1704 12850
390 1704 12850
190 552 50
491 1842 150
164 1843 1000
279 1844 200
585 1071 600
217 553 150
308 151 9150
932 1845 431
156 982 300
1003 521 250
201 303 2800
201 303 2800
168 1052 100
472 1281 600
174 1846 500
347 1847 300
425 1052 700
503 275 200
174 1848 2250
230 486 200
331 1298 11600
174 727 800
208 1133 217
243 749 250
166 1849 250
237 163 1350
176 1850 767
340 1851 150
711 342 200
992 1410 350
249 920 200
166 1852 300
166 1853 300
166 1575 200
300 315 500
166 1087 200
309 1513 850
174 871 2600
174 871 2600
915 1854 600
915 1854 600
915 1854 600
150 1855 800
630 1080 625
174 717 800
174 717 800
166 1666 250
425 1017 550
1632 1844 680
1175 538 850
193 962 1250
193 962 1250
777 1856 2100
491 823 217
952 1857 200
199 1170 230
199 1170 230
199 1170 230
152 1689 200
609 756 11500
856 1858 750
170 353 250
347 1859 2100
166 1316 250
152 1860 225
182 1302 9200
193 636 300
269 520 300
331 1861 1500
279 1373 600
279 1373 600
152 1781 150
208 1862 350
226 366 200
588 1303 600
1016 1014 5450
249 1863 300
404 1114 302
276 1864 1450
992 469 350
642 1865 1875
448 1866 300
448 1158 400
1867 760 250
217 900 175
222 1868 500
182 1056 12000
1869 1313 300
719 190 183
256 566 990
755 1809 1650
347 421 8150
340 1870 150
340 1870 150
435 1871 225
174 1342 2600
264 163 100
228 1683 150
228 1487 100
375 175 2425
170 1872 200
195 1708 700
756 328 400
1136 200 900
193 406 175
221 1873 1600
237 1060 4000
174 1175 2250
193 1874 300
885 792 550
217 1875 150
176 1876 2000
383 1877 2450
174 1878 2600
550 1313 800
1653 900 150
166 499 250
222 675 500
347 1309 200
156 1075 150
279 270 410
193 831 300
264 1879 300
1745 1426 350
1002 1827 400
217 1880 175
514 1164 340
293 523 600
180 1881 1100
180 1881 1100
180 1881 1100
180 1881 1100
180 1881 1100
180 1881 1100
166 1882 250
182 1675 700
1002 1883 100
159 743 700
245 345 350
332 223 150
465 1884 6800
307 341 7500
331 1885 15350
1035 1886 250
1035 1886 250
331 1887 10900
600 807 400
276 1888 1450
212 1083 600
208 1593 217
1889 923 2300
245 890 350
737 1166 200
403 1685 8600
689 497 450
166 655 250
226 978 150
477 1890 250
477 1890 250
364 1123 950
226 1222 150
668 1071 550
668 1071 550
668 1071 550
411 722 100
164 486 1050
150 1891 800
217 233 200
1211 234 1110
174 446 2600
489 1892 150
491 1893 150
491 1893 150
222 1416 500
623 1712 150
623 1712 150
623 1712 150
164 1273 300
198 165 9750
264 869 150
491 757 150
217 543 300
862 366 1700
862 366 1700
862 366 1700
862 366 1700
166 1894 200
1175 1895 725
245 1297 200
237 1703 7300
162 1311 1100
670 1130 550
503 1896 200
375 1666 4350
168 957 300
403 1673 5900
166 1897 250
217 1898 200
248 1151 500
517 1152 250
256 277 300
188 197 450
188 197 450
1899 1223 600
174 716 5250
415 1900 400
174 464 800
164 468 1000
164 539 1200
465 1901 950
152 1902 200
176 438 350
172 1903 264
425 1101 425
166 580 2300
325 469 2600
193 1904 350
1905 1906 7200
382 486 717
382 486 717
382 486 717
382 486 717
396 1907 200
228 1506 200
217 1401 175
426 1480 600
689 424 850
174 1901 3100
842 1170 300
952 834 200
755 361 3500
172 409 100
166 401 200
542 1908 6038
248 1558 500
248 1558 500
162 776 1100
174 267 2600
168 1909 200
176 685 838
1492 1910 500
375 1087 2350
166 1911 200
425 1689 150
243 1912 400
228 870 200
670 1913 1350
228 1701 75
237 289 1650
364 1878 950
520 1234 700
264 1914 100
166 781 300
347 1462 200
750 490 1400
156 1116 200
237 1915 2125
693 170 200
226 1888 200
744 1916 500
465 239 4900
176 1274 400
164 566 850
585 926 7875
404 1582 2750
164 1917 1500
166 923 250
168 1918 250
874 1609 7100
166 1014 200
1168 213 500
472 1572 3700
588 1919 400
166 1920 200
156 1921 200
226 1922 250
226 899 150
1923 446 700
903 1766 500
1387 575 200
164 1924 4475
193 732 350
477 299 200
477 299 200
477 299 200
276 921 1850
415 507 300
964 1925 1950
1127 1086 50
1127 1086 50
600 594 600
551 1926 300
517 1095 364
180 1927 900
217 837 125
616 1928 600
170 502 150
257 719 200
230 1773 200
160 1929 500
160 1929 500
201 1811 1500
174 555 500
201 1387 950
166 1130 250
383 277 250
472 947 1825
347 1616 3050
411 1014 50
245 1706 150
162 1229 5326
162 1229 5326
276 772 1100
325 301 500
1930 230 200
520 1757 1650
174 1931 550
1136 666 1700
174 1174 317
448 239 113
448 239 113
237 1204 850
166 1556 200
166 435 200
160 1635 150
174 464 3100
193 1320 300
198 371 3300
377 463 200
371 313 675
681 1932 300
681 1932 300
1822 1540 30000
293 435 750
1332 1602 250
1191 1933 2100
237 1303 450
237 1303 450
1705 1934 188
1835 563 700
425 1494 200
245 1808 350
208 1311 275
193 1214 350
679 1239 800
193 1935 300
180 307 400
193 1936 350
582 1504 200
222 1704 650
1647 1413 450
514 460 850
277 1937 4900
164 1746 1000
755 997 1650
243 1912 325
243 1912 325
1191 1394 17325
150 459 800
279 267 525
279 267 525
426 1330 500
164 1371 1050
230 1324 350
425 1680 250
1938 869 150
164 1371 1400
1274 567 133
300 1393 1400
174 839 575
300 724 400
755 1447 12050
588 1410 600
588 1410 600
153 364 200
153 364 200
249 1293 250
156 1939 150
750 178 1200
174 430 2600
217 1082 200
182 687 400
182 687 400
150 1328 800
390 798 1250
160 597 150
160 597 150
228 942 150
174 1333 2600
335 486 260
182 1940 12000
182 1940 12000
1930 1199 8350
210 834 150
248 1296 1000
248 1296 1000
404 1941 7500
217 916 150
279 879 500
237 1221 950
248 1196 1400
588 1649 300
176 1942 2000
602 320 7000
1586 282 400
222 764 500
193 1943 825
172 809 150
172 809 150
909 1343 800
164 762 1600
465 859 1600
345 1245 3110
170 504 150
293 1199 5650
1695 819 1200
1695 819 1200
425 1678 238
152 1331 100
375 542 2425
264 1944 100
208 1945 175
164 1946 1250
565 1947 380
166 1779 250
332 1347 100
1059 1165 27050
159 1307 700
162 1356 850
174 1515 500
174 1515 500
170 382 200
166 1948 350
550 1529 800
1017 1870 775
409 1412 983
193 1803 300
491 203 100
174 262 500
708 319 165
708 319 165
708 319 165
708 319 165
708 319 165
708 319 165
271 729 250
166 724 250
193 1949 300
918 1950 100
170 1951 850
243 1229 650
286 1545 305
164 154 1000
1099 1952 3175
176 433 2450
193 530 250
166 1083 300
256 1953 385
309 805 2300
309 805 2300
1954 670 1000
207 1955 600
198 1956 9750
193 1957 350
226 1958 200
226 864 300
226 978 200
217 1678 150
1959 1152 761
237 185 9400
1078 1151 1050
491 1960 150
166 1961 200
711 655 100
170 1962 300
170 1962 300
170 1962 300
174 493 2600
174 493 2600
174 493 2600
174 493 2600
520 1088 1300
370 1963 7400
174 636 2600
186 204 10400
609 556 8700
1078 1964 1750
248 389 1200
248 389 1200
245 749 450
242 1965 500
320 984 1600
320 984 1600
245 1279 450
551 879 200
551 879 200
512 556 2000
375 1102 260
215 216 20450
215 216 20450
307 1966 600
307 1966 600
156 1967 150
273 1300 9700
332 1968 300
174 703 500
750 1969 1600
512 422 300
1344 521 200
264 1970 150
228 1724 125
264 1357 100
585 1971 440
760 544 2700
924 1612 666
166 1379 250
208 1799 275
565 1585 380
425 370 675
286 840 1500
237 1268 2150
320 204 650
156 562 100
174 1124 2600
174 493 1867
1002 710 200
242 1972 300
176 997 2000
176 997 2000
245 461 400
264 563 117
409 1816 1836
655 655 3400
242 1932 250
264 1973 117
217 1625 200
874 899 6400
1436 926 22650
1436 926 22650
1526 812 13450
1526 812 13450
1526 812 13450
755 414 6200
264 1743 100
1002 1974 300
273 1328 283
279 1975 100
472 1976 500
245 444 450
174 342 2600
172 1977 150
264 1824 100
158 1978 983
472 1979 600
256 1808 350
903 1980 600
255 324 1250
166 1633 200
164 1981 1500
174 1982 800
160 1357 150
160 1357 150
193 1780 225
166 1983 300
309 1984 600
309 1984 600
309 1984 600
309 1984 600
309 1984 600
309 1984 600
309 1984 600
309 1984 600
309 1984 600
309 1984 600
309 1984 600
309 1984 600
166 1985 250
551 879 200
347 643 250
164 354 2150
164 354 2150
166 267 250
867 779 400
166 959 250
166 959 250
174 1986 1650
205 241 175
166 1270 250
527 330 200
1191 1987 2200
1136 1590 467
332 1988 100
375 758 200
616 879 750
193 1989 300
307 194 850
166 795 250
182 1990 1650
193 819 300
166 455 200
237 773 12250
1427 608 500
207 433 350
176 501 2000
461 662 100
188 1651 360
210 625 125
1017 1192 133
226 1991 150
174 1893 550
383 383 500
170 1712 250
170 1712 250
248 1868 600
248 1868 600
370 1619 1750
170 504 200
1332 1896 250
370 1173 1750
208 1992 200
166 1993 250
182 1994 15600
252 997 300
275 897 266
222 1612 650
166 1995 950
160 403 200
160 403 200
237 1105 3450
190 1996 50
479 1664 600
217 1588 175
600 1724 200
166 1997 250
166 1997 250
1191 1998 2200
425 1283 150
210 1442 50
645 1999 250
404 1348 2555
190 2000 50
228 1973 200
542 930 1850
542 930 1850
582 1731 250
578 626 150
578 626 150
578 626 150
578 626 150
578 626 150
578 626 150
222 696 650
174 1221 1867
160 2001 150
409 1074 541
168 540 600
2002 486 530
190 2003 50
190 2003 50
690 2004 6300
166 2005 250
517 1521 259
370 979 550
160 2006 150
750 1834 1200
168 2007 160
578 1087 500
193 2008 300
588 406 300
255 784 1800
174 229 850
164 1325 150
226 990 200
180 1184 500
550 725 250
347 2009 200
347 368 2200
316 326 5800
243 862 600
150 812 800
491 1518 150
208 256 263
166 287 250
264 2010 300
166 909 250
166 576 200
2011 523 1000
308 321 2000
308 321 2000
903 755 463
903 755 463
903 755 463
517 578 150
517 578 150
517 578 150
245 1489 400
256 733 1300
170 1973 300
170 1973 300
170 1973 300
1166 1128 650
164 2012 1600
156 2013 150
249 1773 200
237 1299 2200
269 748 1200
190 1813 50
190 1813 50
514 719 340
180 464 950
264 420 100
166 976 250
411 513 50
591 2014 525
194 1137 225
166 923 350
1426 1194 5400
472 1573 800
174 387 7900
340 362 150
237 758 12900
856 2015 750
677 589 100
409 1431 1535
170 461 400
156 1240 150
307 914 1200
279 383 600
166 229 250
166 640 250
777 543 10750
579 1290 180
166 2016 250
174 2017 3100
174 2017 3100
166 248 250
674 2018 600
193 1932 300
370 966 550
565 1554 380
496 988 200
245 1113 450
193 554 133
176 1957 1150
404 586 1200
174 223 3500
170 1233 400
170 1233 400
551 1489 200
551 1489 200
739 359 4700
237 267 1650
237 267 1650
245 792 1500
425 784 490
255 380 1350
276 1603 475
182 776 5200
249 2019 250
775 989 425
1530 1308 650
166 1113 250
166 1113 250
166 1113 250
217 1230 150
309 1545 1300
309 1545 1300
226 2020 250
226 351 200
174 390 3100
156 2021 150
308 573 10400
273 1603 600
174 646 1867
169 1187 200
347 1474 200
193 2022 250
193 2022 250
174 2023 1650
168 2024 600
264 2025 100
264 2025 100
264 197 50
379 853 150
379 853 150
279 584 375
237 2026 5250
264 2027 100
164 2028 1200
174 876 598
325 902 400
903 1766 600
375 2029 217
193 2006 300
909 302 967
469 1569 300
237 2030 600
237 2030 600
540 1469 700
174 1071 1867
465 2031 9150
465 2031 9150
600 1220 200
773 2032 230
195 1045 600
208 985 263
1644 2033 583
193 767 220
279 1943 600
242 889 500
166 2034 250
205 195 983
600 2035 30000
226 2036 150
174 2037 1867
325 1384 250
193 1931 133
205 1126 1250
279 1594 450
166 305 200
445 191 350
445 191 350
166 1113 250
237 1217 650
237 1217 650
237 1217 650
217 1518 200
937 1896 289
237 2038 12250
472 2039 550
170 504 300
342 728 150
166 242 4400
390 2040 850
307 804 8350
159 554 700
549 1367 950
309 1624 750
309 1624 750
309 1624 750
164 2041 1600
208 2042 100
174 504 2600
252 193 300
404 459 2555
174 390 500
176 162 1200
170 1909 200
309 836 1100
164 433 1600
347 784 80
347 784 80
491 408 150
166 1869 2200
160 270 200
1595 599 400
1378 1466 350
193 2043 300
491 474 100
325 1041 180
166 559 200
166 559 200
166 559 200
150 1423 800
491 1199 200
404 1014 4200
465 1259 7050
180 1176 900
411 612 50
868 2044 6050
335 260 300
273 351 300
1078 441 1207
1211 586 1110
1211 586 1110
164 1856 200
514 743 100
997 1990 186
256 1562 385
750 2045 250
245 605 250
670 1936 200
670 1936 200
182 497 150
911 2046 800
347 1612 150
1002 415 600
525 1295 500
245 1706 400
162 634 525
162 634 525
162 634 525
162 634 525
156 1554 100
630 2047 375
335 1569 200
1822 218 30000
164 2048 1500
168 2049 6100
409 1161 541
666 1153 5775
166 1825 250
166 968 250
208 1721 275
340 181 200
217 1233 100
193 610 300
600 650 800
992 411 5550
1923 1283 900
237 2050 13300
193 527 133
193 527 133
170 887 150
170 887 150
1122 863 350
1332 644 150
264 1586 117
332 531 150
332 531 150
158 421 367
158 421 367
150 1552 800
1290 775 150
469 981 600
469 981 600
750 2051 1450
750 2051 1450
174 667 1900
775 2052 500
160 2053 150
390 246 5500
169 1108 400
276 2054 8700
1745 836 350
1016 832 750
448 1966 600
461 1110 450
461 1110 450
375 315 600
375 315 600
193 663 350
193 663 350
230 1573 100
409 2055 541
409 2055 541
307 789 2000
166 1251 250
503 340 150
900 2056 10050
273 262 450
325 1877 350
550 525 800
347 540 167
237 1658 1050
316 461 2000
168 2057 1200
1899 2058 600
245 1589 450
174 812 598
273 2059 2750
477 2060 455
152 1666 200
208 570 263
222 2061 500
193 439 250
1136 650 900
203 2062 346
151 1862 150
425 2063 350
279 1127 600
208 2064 150
245 294 100
404 1045 1550
222 2065 500
198 223 3300
331 204 10800
174 1932 575
309 1642 550
309 1642 550
309 1642 550
347 778 263
642 703 450
642 703 450
642 703 450
642 703 450
642 703 450
642 703 450
245 792 150
425 2066 600
164 2067 1250
293 817 600
293 817 600
207 935 500
190 440 50
164 931 1050
193 1860 250
184 1570 750
166 2068 300
164 844 1250
364 2069 1350
269 1900 405
918 1984 100
918 1984 100
425 2070 250
918 925 100
491 679 100
465 526 7050
465 526 7050
273 1665 283
193 1334 70
340 220 200
166 468 300
217 1809 200
208 778 263
300 383 400
245 876 150
1426 1344 321
489 2071 200
489 2071 200
489 2071 200
489 2071 200
176 899 900
472 2072 100
166 2073 250
411 1048 100
166 1688 250
217 1188 175
1426 2074 7950
337 1619 200
174 836 3100
517 655 500
737 246 1200
164 663 250
243 2075 887
425 1431 490
164 274 1600
243 2076 310
579 1694 230
1332 486 350
166 1179 400
205 876 825
711 2077 150
777 811 3000
172 562 150
164 2078 1050
193 834 300
208 1518 100
540 1599 500
540 1599 500
724 1972 300
374 2079 550
374 2079 550
300 175 1300
2080 744 700
166 505 250
415 1985 300
320 2081 625
918 1759 50
375 1688 18050
308 1710 7300
245 972 400
755 968 12050
400 1588 308
623 1178 150
623 1178 150
404 1281 800
368 594 50
368 594 50
368 594 50
368 594 50
368 594 50
182 316 1500
182 316 1500
375 850 2350
264 527 100
325 1056 200
1378 2082 625
425 1960 150
164 2024 1500
469 2083 200
409 836 1535
1016 1624 5450
193 767 220
352 603 200
867 2084 400
174 2085 400
217 890 175
188 2086 318
1443 1418 500
679 426 1250
230 1450 300
582 1667 200
264 2087 90
264 2087 90
689 725 650
198 289 9750
551 509 200
755 2088 10825
411 443 1800
411 443 1800
411 443 1800
168 1307 100
174 1384 800
374 1420 300
203 639 150
208 420 350
307 735 400
375 617 2425
216 2089 350
648 2090 800
1211 1060 1110
591 1597 3100
335 2091 450
591 1936 150
215 730 8500
174 1569 2600
174 1569 2600
174 1569 2600
174 2092 9900
164 1246 1200
404 1276 1450
230 1469 400
193 1295 100
164 497 1250
630 722 320
415 204 400
400 1645 308
217 386 200
578 1406 705
374 154 500
224 1888 6200
224 1888 6200
999 523 5400
472 2010 550
404 836 8575
1046 1314 625
164 2093 1600
245 690 150
885 471 1500
755 1385 3500
217 1185 600
217 1185 600
193 242 350
217 321 175
1168 1041 200
347 763 200
546 1059 1950
217 635 150
1332 2094 150
162 2095 250
162 2095 250
198 1556 4600
477 1842 200
217 2082 200
150 192 800
401 2040 950
217 938 175
517 2038 150
425 451 250
226 1607 200
681 590 700
237 1071 800
237 1071 800
1822 244 30000
1822 244 30000
1076 579 9100
409 704 983
193 1982 300
491 535 200
166 825 250
898 2096 1600
243 590 500
164 703 4475
256 2097 950
279 1708 600
245 664 350
222 525 14100
514 1798 1650
411 1818 50
170 793 300
166 1880 250
309 2098 600
309 2098 600
309 2098 600
309 2098 600
309 2098 600
309 162 5500
382 2099 175
166 1425 250
237 2100 3450
217 2101 175
245 1504 400
237 2038 1200
375 1001 200
237 1144 3800
166 1449 200
347 1179 100
491 2102 100
166 385 250
166 385 250
345 438 600
425 768 313
1191 2103 2200
203 2104 200
307 521 450
245 2105 100
469 2106 3585
383 592 1000
425 1129 650
1024 2107 300
415 1932 500
166 2108 250
166 2108 250
166 2108 250
210 926 100
926 222 250
193 390 220
541 242 24450
243 1486 1400
630 1926 300
409 2069 1535
465 1046 950
1007 815 100
1007 815 100
461 2109 200
208 1294 217
190 2110 50
190 2110 50
331 1007 15800
264 579 100
226 430 150
469 601 800
193 1346 350
164 259 1050
174 862 2600
1078 2073 228
193 1865 250
430 233 200
174 223 2600
170 1475 250
170 1475 250
266 267 3000
309 586 2750
210 1295 150
867 2111 400
600 1327 275
212 294 400
212 294 400
345 2112 1517
370 1422 1750
264 1786 167
193 554 250
681 1054 400
166 2113 350
166 2114 200
1202 1024 1000
768 1454 400
182 1768 2600
1436 544 14650
166 556 250
264 1243 100
245 2115 100
382 1269 600
208 2116 125
170 639 450
591 1631 2750
1191 2117 400
264 1010 125
174 1472 500
279 1714 500
255 301 950
264 594 100
320 1096 450
174 1916 500
293 1611 700
150 526 800
425 384 450
489 1510 250
1835 2118 700
176 735 2000
166 2119 200
190 1220 50
390 1151 1250
166 2120 250
856 226 1175
222 997 600
370 2121 1100
205 523 825
426 367 750
426 367 750
347 1331 100
166 2069 250
345 441 5250
205 2122 214
217 1082 200
217 1082 200
170 2123 124
193 928 300
256 564 588
166 386 200
307 341 900
193 358 300
164 1022 700
316 2017 1100
164 625 1500
806 1586 12100
164 2124 4475
193 1804 350
300 519 400
309 2125 500
309 2125 500
309 2125 500
309 2125 500
309 2125 500
309 2125 500
205 614 125
174 655 575
868 2119 5000
1078 189 1050
425 1956 250
924 711 666
630 367 250
630 367 250
276 612 7800
190 1073 50
642 577 700
237 2126 1600
249 762 10000
164 2020 2050
472 663 450
224 2127 6200
898 1282 1575
898 1282 1575
164 345 1550
689 2128 900
681 1710 600
345 1152 900
489 2129 100
435 1808 100
435 1808 100
162 1080 1450
817 1073 4400
164 1571 1000
363 1724 1400
166 690 200
309 959 850
309 959 850
162 2130 13050
517 1861 364
156 1792 150
230 865 350
416 1475 2000
750 937 400
750 937 400
269 1117 1150
174 2131 350
174 2131 350
166 1963 250
208 717 275
174 583 800
237 1586 2800
237 1586 2800
237 1586 2800
237 1586 2800
166 665 200
382 399 1100
166 988 250
308 753 7950
256 1087 8500
166 282 250
166 601 250
166 601 250
166 601 250
166 601 250
325 916 338
182 2132 6500
1076 899 9100
193 2133 300
248 227 2900
286 2056 1500
152 1570 100
472 1158 800
465 2134 21750
1211 749 1110
182 1253 2150
182 1253 2150
217 582 150
545 410 1000
174 523 2600
256 2135 1000
242 2136 250
1486 1285 150
205 2137 900
160 1950 150
777 1508 10750
1002 242 600
162 2138 250
228 436 600
693 342 11700
370 925 1450
276 367 1450
276 367 1450
166 1401 950
540 1599 500
540 1599 500
150 1198 800
150 1198 800
150 1198 800
150 1198 800
150 1198 800
217 2139 175
217 1709 150
160 479 150
164 1705 1200
217 548 175
166 836 200
174 379 800
166 2140 250
176 409 5350
445 280 400
176 947 700
472 2141 50
472 2141 50
256 2142 5200
195 1660 10700
164 884 350
503 974 200
304 445 800
304 445 800
156 177 200
655 2143 3750
1739 397 1850
347 297 167
249 1056 10000
193 590 300
425 1367 450
992 355 100
174 2144 2600
1054 1376 1100
217 1097 200
172 367 100
176 1730 1075
1017 2145 50
255 2146 950
158 2147 350
174 615 2600
1136 1775 200
174 2148 2600
322 1095 550
309 1678 1100
208 713 350
2108 812 21100
332 869 100
551 601 200
1369 892 476
340 342 150
750 336 7600
918 1509 100
174 449 2600
174 449 2600
1332 360 450
166 321 250
174 711 1867
170 787 250
170 787 250
170 787 250
308 328 8150
551 686 325
166 1481 250
217 371 150
489 461 450
874 732 6800
2144 1613 250
193 2149 300
208 1221 200
174 2150 850
352 1494 150
217 2151 150
174 1478 900
1076 486 1800
382 567 100
549 1313 850
182 1517 200
2152 947 1150
245 353 450
174 2153 9900
164 2154 1500
176 430 2200
193 2155 250
190 1164 67
190 1164 67
448 1075 400
448 1075 400
176 515 675
624 2156 183
222 900 650
166 775 250
379 1787 150
182 1385 300
182 1385 300
264 713 50
517 810 317
293 2157 750
166 1715 200
174 1709 317
150 1886 800
409 723 541
375 900 18050
162 983 1323
174 1553 500
162 1210 1350
166 787 250
1050 2158 200
1050 2158 200
208 403 150
208 403 150
1443 556 500
198 1143 3300
856 1015 750
842 758 2000
312 2135 300
409 185 817
150 1106 400
217 680 375
217 680 375
193 1598 300
1822 535 29050
1822 535 29050
166 1995 250
347 1815 1450
164 1097 1450
964 2159 3400
835 2160 475
610 938 300
610 938 300
390 389 12850
390 389 12850
1332 1037 100
489 1070 480
489 1070 480
489 1070 480
1290 230 550
279 1357 450
166 421 300
465 2161 9150
174 356 600
156 2021 100
308 2162 9000
174 1868 2600
174 335 800
551 1955 300
331 2158 14150
226 1120 200
477 556 200
256 1407 1067
226 1667 213
1009 1040 638
1009 1040 638
545 1347 850
491 2163 75
256 2100 400
520 735 700
166 1054 350
256 627 650
198 1923 2800
166 1611 400
1332 1294 200
1332 1294 200
226 650 150
477 705 200
903 523 438
679 1746 1250
150 2164 800
150 2164 800
180 1095 950
170 223 350
166 2165 200
607 2166 2150
162 795 3875
222 1089 500
178 1243 700
178 1243 700
178 1243 700
370 1225 3300
166 1043 300
517 400 350
645 1745 100
309 1347 450
309 1347 450
309 1347 450
309 1347 450
309 1347 450
309 1347 450
271 474 250
226 1843 200
226 1843 200
208 214 50
174 1901 2600
335 1336 200
465 2167 7050
335 1775 200
174 913 200
174 913 200
198 904 9750
2168 1962 350
506 223 2200
166 653 200
174 1840 1167
193 1805 250
217 2129 300
542 1073 1813
425 2169 250
176 1348 3300
166 433 250
228 1014 200
279 516 650
261 423 200
472 2130 1000
166 1220 200
166 1220 200
312 869 943
150 983 800
166 696 250
256 1017 1100
762 2170 450
245 1132 150
164 2073 1200
217 2171 125
377 2113 550
168 1199 150
2172 2074 1000
160 932 150
276 1021 1813
207 2173 500
312 1515 1500
1332 860 250
465 503 1100
413 2174 100
768 787 1300
166 866 200
630 2175 100
293 1624 900
693 394 900
1427 1095 400
588 1598 145
256 297 2300
312 885 538
750 493 1700
750 493 1700
750 493 1700
769 724 601
670 1651 1600
174 2176 2600
164 1518 2400
430 1152 200
166 1289 200
217 481 550
174 2177 9450
164 639 1300
156 2178 150
156 2178 150
256 1808 813
337 1137 150
312 802 538
307 2179 8350
210 1233 50
210 1233 50
491 2180 150
245 157 400
760 535 10408
208 204 163
210 2181 100
172 604 150
1430 938 1950
1430 938 1950
180 340 900
286 863 1500
1835 1519 2000
1835 1519 2000
411 716 6700
193 853 300
719 2182 500
469 1726 517
176 257 1075
868 1137 9350
868 1137 9350
1534 832 553
174 1658 200
316 1967 5900
316 1967 5900
223 2183 100
825 1101 117
210 1242 50
911 2184 200
911 2184 200
540 594 400
256 645 588
553 254 600
256 852 9133
226 1521 200
193 416 300
1577 733 225
276 2185 4867
276 2185 4867
276 2185 4867
755 1273 7700
623 1494 250
237 946 3800
1427 2186 300
448 2187 225
999 262 250
999 262 250
176 574 1075
600 1586 250
600 1586 250
674 2018 800
261 1329 500
337 1835 150
489 935 100
1443 556 300
1332 2188 50
491 2189 275
174 1885 2600
918 1489 100
193 995 317
217 1601 175
856 667 750
160 2190 150
172 990 150
1054 2040 1100
448 340 600
331 1824 7900
1862 653 500
249 917 200
217 213 200
166 1891 200
166 1891 200
226 627 150
217 513 200
245 754 450
312 2191 600
245 1385 350
300 628 1400
579 358 110
203 1362 150
226 189 200
164 2192 1050
1024 1547 175
1024 1547 175
166 1941 350
208 905 75
152 452 150
172 338 100
693 2193 400
952 1123 161
307 345 1000
693 980 1200
300 1883 400
472 1269 200
331 2194 7900
156 2122 100
2195 905 651
166 1079 350
375 2196 600
205 905 700
150 525 400
256 2046 275
588 552 200
190 2197 50
190 2197 50
340 1212 150
756 535 200
226 897 950
435 1562 225
1078 345 1207
275 2018 225
477 590 200
465 1689 9150
193 1827 350
425 2198 250
477 761 350
337 2199 160
198 223 9750
170 276 300
170 276 300
170 276 300
150 672 800
427 1350 400
217 2200 150
347 2201 167
926 824 250
623 1209 200
208 626 163
208 626 163
172 414 150
489 399 150
222 1152 1925
255 385 950
210 2038 50
217 475 150
874 467 6700
591 1309 350
245 291 200
472 1922 250
472 1922 250
178 1501 700
164 1175 1600
856 426 750
